Date,Time,Open,High,Low,Close,Volume,OpenInt
2017-11-28,15:35:00,77.42,77.42,77.29,77.36,16942,0
2017-11-28,15:40:00,77.34,77.3416,77.28,77.31,18576,0
2017-11-28,15:45:00,77.33,77.33,77.22,77.27,25816,0
2017-11-28,15:50:00,77.28,77.28,77.2,77.24,26003,0
2017-11-28,15:55:00,77.24,77.25,77.195,77.195,8985,0
2017-11-28,16:00:00,77.19,77.19,77.16,77.16,16065,0
2017-11-28,16:05:00,77.15,77.2,77.15,77.165,7446,0
2017-11-28,16:10:00,77.165,77.2042,77.165,77.2042,4159,0
2017-11-28,16:15:00,77.2,77.23,77.195,77.23,5706,0
2017-11-28,16:20:00,77.22,77.24,77.205,77.21,7887,0
2017-11-28,16:25:00,77.21,77.24,77.2,77.24,21200,0
2017-11-28,16:30:00,77.24,77.27,77.24,77.245,5070,0
2017-11-28,16:35:00,77.26,77.29,77.255,77.28,2200,0
2017-11-28,16:40:00,77.27,77.29,77.265,77.29,11925,0
2017-11-28,16:45:00,77.29,77.31,77.28,77.29,10801,0
2017-11-28,16:50:00,77.31,77.31,77.3,77.3,3286,0
2017-11-28,16:55:00,77.3,77.31,77.28,77.28,3871,0
2017-11-28,17:00:00,77.28,77.28,77.21,77.21,14546,0
2017-11-28,17:05:00,77.215,77.24,77.2147,77.23,6352,0
2017-11-28,17:10:00,77.23,77.2425,77.22,77.24,4047,0
2017-11-28,17:15:00,77.23,77.239,77.22,77.23,5667,0
2017-11-28,17:20:00,77.23,77.24,77.225,77.24,3000,0
2017-11-28,17:25:00,77.25,77.25,77.225,77.25,12511,0
2017-11-28,17:30:00,77.26,77.32,77.26,77.32,6193,0
2017-11-28,17:35:00,77.32,77.34,77.305,77.34,5301,0
2017-11-28,17:40:00,77.34,77.39,77.34,77.39,5878,0
2017-11-28,17:45:00,77.37,77.4,77.37,77.39,3342,0
2017-11-28,17:50:00,77.39,77.395,77.37,77.38,4656,0
2017-11-28,17:55:00,77.375,77.38,77.365,77.38,4000,0
2017-11-28,18:00:00,77.3701,77.38,77.37,77.37,2531,0
2017-11-28,18:05:00,77.37,77.4,77.37,77.4,4857,0
2017-11-28,18:10:00,77.4,77.4,77.39,77.4,4552,0
2017-11-28,18:15:00,77.43,77.45,77.43,77.45,2177,0
2017-11-28,18:20:00,77.45,77.4635,77.44,77.4635,8009,0
2017-11-28,18:25:00,77.46,77.4635,77.435,77.44,5342,0
2017-11-28,18:30:00,77.48,77.54,77.48,77.54,3917,0
2017-11-28,18:35:00,77.535,77.55,77.53,77.53,6001,0
2017-11-28,18:40:00,77.53,77.53,77.52,77.52,4212,0
2017-11-28,18:45:00,77.52,77.52,77.505,77.515,4000,0
2017-11-28,18:50:00,77.51,77.51,77.5,77.51,5100,0
2017-11-28,18:55:00,77.5,77.51,77.5,77.505,3104,0
2017-11-28,19:00:00,77.505,77.56,77.505,77.56,5441,0
2017-11-28,19:05:00,77.57,77.6,77.57,77.59,10902,0
2017-11-28,19:10:00,77.58,77.6,77.58,77.5964,6846,0
2017-11-28,19:15:00,77.59,77.59,77.56,77.56,7964,0
2017-11-28,19:20:00,77.56,77.56,77.515,77.525,6302,0
2017-11-28,19:25:00,77.52,77.57,77.44,77.46,25978,0
2017-11-28,19:30:00,77.45,77.51,77.42,77.49,8030,0
2017-11-28,19:35:00,77.49,77.5,77.47,77.5,4284,0
2017-11-28,19:40:00,77.505,77.51,77.49,77.49,5558,0
2017-11-28,19:45:00,77.485,77.485,77.45,77.46,4135,0
2017-11-28,19:50:00,77.46,77.48,77.455,77.46,3111,0
2017-11-28,19:55:00,77.45,77.45,77.35,77.35,15248,0
2017-11-28,20:00:00,77.34,77.35,77.3,77.31,11425,0
2017-11-28,20:05:00,77.3,77.3,77.23,77.28,9463,0
2017-11-28,20:10:00,77.27,77.32,77.27,77.3,5793,0
2017-11-28,20:15:00,77.3,77.31,77.28,77.305,9070,0
2017-11-28,20:20:00,77.31,77.34,77.29,77.34,6380,0
2017-11-28,20:25:00,77.32,77.33,77.32,77.33,6699,0
2017-11-28,20:30:00,77.34,77.3764,77.335,77.36,6675,0
2017-11-28,20:35:00,77.36,77.4,77.355,77.39,11293,0
2017-11-28,20:40:00,77.4,77.41,77.38,77.38,8400,0
2017-11-28,20:45:00,77.39,77.43,77.39,77.43,5800,0
2017-11-28,20:50:00,77.44,77.44,77.4,77.41,17640,0
2017-11-28,20:55:00,77.4,77.46,77.395,77.45,14059,0
2017-11-28,21:00:00,77.45,77.45,77.42,77.44,7312,0
2017-11-28,21:05:00,77.44,77.45,77.43,77.45,7083,0
2017-11-28,21:10:00,77.45,77.47,77.435,77.47,9884,0
2017-11-28,21:15:00,77.46,77.53,77.455,77.53,23833,0
2017-11-28,21:20:00,77.525,77.55,77.51,77.55,9835,0
2017-11-28,21:25:00,77.545,77.55,77.53,77.54,10251,0
2017-11-28,21:30:00,77.54,77.54,77.5,77.5,26888,0
2017-11-28,21:35:00,77.51,77.525,77.505,77.515,53107,0
2017-11-28,21:40:00,77.51,77.52,77.4523,77.4548,22050,0
2017-11-28,21:45:00,77.455,77.47,77.445,77.465,20393,0
2017-11-28,21:50:00,77.47,77.4955,77.46,77.46,43733,0
2017-11-28,21:55:00,77.46,77.56,77.46,77.53,92291,0
2017-11-28,22:00:00,77.52,77.53,77.48,77.48,90127,0
2017-11-29,15:35:00,77.13,77.13,76.88,76.9,22488,0
2017-11-29,15:40:00,76.89,76.89,76.82,76.86,6245,0
2017-11-29,15:45:00,76.89,76.9092,76.8501,76.88,4335,0
2017-11-29,15:50:00,76.88,76.88,76.77,76.77,8431,0
2017-11-29,15:55:00,76.76,76.77,76.7,76.71,12855,0
2017-11-29,16:00:00,76.71,76.77,76.69,76.72,7000,0
2017-11-29,16:05:00,76.71,76.71,76.63,76.67,14474,0
2017-11-29,16:10:00,76.66,76.73,76.66,76.73,7250,0
2017-11-29,16:15:00,76.73,76.75,76.67,76.68,2550,0
2017-11-29,16:20:00,76.65,76.66,76.471,76.48,23455,0
2017-11-29,16:25:00,76.47,76.51,76.39,76.42,13951,0
2017-11-29,16:30:00,76.39,76.47,76.37,76.47,5720,0
2017-11-29,16:35:00,76.49,76.49,76.39,76.455,11141,0
2017-11-29,16:40:00,76.45,76.62,76.435,76.62,78566,0
2017-11-29,16:45:00,76.63,76.64,76.59,76.63,16112,0
2017-11-29,16:50:00,76.625,76.63,76.54,76.57,41337,0
2017-11-29,16:55:00,76.57,76.57,76.43,76.45,3354,0
2017-11-29,17:00:00,76.45,76.52,76.45,76.46,82559,0
2017-11-29,17:05:00,76.46,76.47,76.43,76.445,12600,0
2017-11-29,17:10:00,76.46,76.46,76.39,76.395,16385,0
2017-11-29,17:15:00,76.38,76.44,76.37,76.42,7225,0
2017-11-29,17:20:00,76.41,76.43,76.35,76.38,14697,0
2017-11-29,17:25:00,76.38,76.38,76.27,76.27,13935,0
2017-11-29,17:30:00,76.27,76.37,76.24,76.37,14903,0
2017-11-29,17:35:00,76.37,76.38,76.32,76.34,3850,0
2017-11-29,17:40:00,76.36,76.43,76.36,76.41,32276,0
2017-11-29,17:45:00,76.415,76.415,76.3,76.32,19700,0
2017-11-29,17:50:00,76.32,76.32,76.27,76.28,11337,0
2017-11-29,17:55:00,76.27,76.28,76.23,76.24,4200,0
2017-11-29,18:00:00,76.23,76.23,76.17,76.17,13857,0
2017-11-29,18:05:00,76.17,76.17,76.1,76.1,30097,0
2017-11-29,18:10:00,76.08,76.14,76.06,76.13,4114,0
2017-11-29,18:15:00,76.15,76.19,76.149,76.17,1800,0
2017-11-29,18:20:00,76.18,76.32,76.18,76.31,13378,0
2017-11-29,18:25:00,76.31,76.37,76.3,76.36,19080,0
2017-11-29,18:30:00,76.37,76.4,76.32,76.34,27145,0
2017-11-29,18:35:00,76.36,76.375,76.33,76.36,5387,0
2017-11-29,18:40:00,76.34,76.39,76.34,76.38,13790,0
2017-11-29,18:45:00,76.39,76.44,76.37,76.4,30133,0
2017-11-29,18:50:00,76.41,76.455,76.4,76.44,13083,0
2017-11-29,18:55:00,76.45,76.47,76.44,76.44,12770,0
2017-11-29,19:00:00,76.43,76.44,76.36,76.38,9369,0
2017-11-29,19:05:00,76.39,76.41,76.36,76.41,2500,0
2017-11-29,19:10:00,76.39,76.42,76.38,76.39,3778,0
2017-11-29,19:15:00,76.39,76.45,76.39,76.44,7148,0
2017-11-29,19:20:00,76.44,76.45,76.42,76.44,6600,0
2017-11-29,19:25:00,76.44,76.46,76.43,76.43,5734,0
2017-11-29,19:30:00,76.44,76.47,76.44,76.45,2480,0
2017-11-29,19:35:00,76.4533,76.47,76.44,76.4599,6675,0
2017-11-29,19:40:00,76.45,76.45,76.43,76.45,1900,0
2017-11-29,19:45:00,76.44,76.44,76.41,76.42,2880,0
2017-11-29,19:50:00,76.41,76.41,76.39,76.4,1440,0
2017-11-29,19:55:00,76.4,76.41,76.36,76.41,45459,0
2017-11-29,20:00:00,76.39,76.39,76.36,76.36,21906,0
2017-11-29,20:05:00,76.35,76.4,76.34,76.385,61980,0
2017-11-29,20:10:00,76.39,76.4,76.37,76.4,20800,0
2017-11-29,20:15:00,76.4,76.45,76.4,76.44,4175,0
2017-11-29,20:20:00,76.44,76.47,76.44,76.46,30477,0
2017-11-29,20:25:00,76.45,76.47,76.45,76.47,2700,0
2017-11-29,20:30:00,76.45,76.46,76.39,76.42,1700,0
2017-11-29,20:35:00,76.43,76.43,76.36,76.375,1100,0
2017-11-29,20:40:00,76.38,76.38,76.34,76.36,7265,0
2017-11-29,20:45:00,76.35,76.39,76.35,76.39,800,0
2017-11-29,20:50:00,76.33,76.33,76.3,76.31,12239,0
2017-11-29,20:55:00,76.34,76.35,76.32,76.35,982,0
2017-11-29,21:00:00,76.355,76.355,76.33,76.33,12640,0
2017-11-29,21:05:00,76.34,76.35,76.33,76.33,14447,0
2017-11-29,21:10:00,76.32,76.33,76.31,76.33,14003,0
2017-11-29,21:15:00,76.32,76.34,76.28,76.28,12520,0
2017-11-29,21:20:00,76.28,76.28,76.26,76.27,25043,0
2017-11-29,21:25:00,76.27,76.305,76.265,76.3,40155,0
2017-11-29,21:30:00,76.31,76.31,76.29,76.3,41161,0
2017-11-29,21:35:00,76.3,76.35,76.28,76.35,22086,0
2017-11-29,21:40:00,76.35,76.35,76.31,76.32,13441,0
2017-11-29,21:45:00,76.31,76.31,76.28,76.295,50894,0
2017-11-29,21:50:00,76.3,76.3269,76.28,76.3,71213,0
2017-11-29,21:55:00,76.31,76.46,76.3,76.305,77573,0
2017-11-29,22:00:00,76.305,76.33,76.26,76.33,81069,0
2017-11-30,15:35:00,76.19,76.19,75.805,75.88,17559,0
2017-11-30,15:40:00,75.89,75.91,75.79,75.81,82163,0
2017-11-30,15:45:00,75.81,75.86,75.79,75.84,9712,0
2017-11-30,15:50:00,75.83,75.86,75.79,75.86,6165,0
2017-11-30,15:55:00,75.85,75.85,75.74,75.75,25950,0
2017-11-30,16:00:00,75.76,75.82,75.76,75.8,4041,0
2017-11-30,16:05:00,75.78,75.81,75.76,75.81,2049,0
2017-11-30,16:10:00,75.83,75.9072,75.82,75.905,8407,0
2017-11-30,16:15:00,75.91,75.96,75.87,75.88,5588,0
2017-11-30,16:20:00,75.86,75.88,75.82,75.88,4000,0
2017-11-30,16:25:00,75.9,75.9,75.82,75.84,4431,0
2017-11-30,16:30:00,75.84,75.87,75.805,75.83,5854,0
2017-11-30,16:35:00,75.85,75.88,75.81,75.88,3500,0
2017-11-30,16:40:00,75.89,75.89,75.85,75.87,2245,0
2017-11-30,16:45:00,75.89,75.93,75.87,75.93,5345,0
2017-11-30,16:50:00,75.94,75.9599,75.9,75.955,6400,0
2017-11-30,16:55:00,75.955,75.955,75.885,75.915,12468,0
2017-11-30,17:00:00,75.91,75.935,75.895,75.91,10900,0
2017-11-30,17:05:00,75.9,76.035,75.87,75.99,46469,0
2017-11-30,17:10:00,75.99,76.005,75.97,75.98,39543,0
2017-11-30,17:15:00,75.98,76.015,75.98,76,64625,0
2017-11-30,17:20:00,76,76.055,76,76.035,43103,0
2017-11-30,17:25:00,76.035,76.035,75.995,76.01,45228,0
2017-11-30,17:30:00,76,76.005,75.92,75.93,57562,0
2017-11-30,17:35:00,75.94,75.985,75.93,75.955,44436,0
2017-11-30,17:40:00,75.955,75.975,75.945,75.96,36283,0
2017-11-30,17:45:00,75.96,75.965,75.91,75.91,31246,0
2017-11-30,17:50:00,75.91,75.945,75.91,75.945,1927,0
2017-11-30,17:55:00,75.95,75.96,75.91,75.93,6069,0
2017-11-30,18:00:00,75.92,75.92,75.91,75.92,4609,0
2017-11-30,18:05:00,75.92,75.93,75.92,75.93,4130,0
2017-11-30,18:10:00,75.92,75.94,75.92,75.94,4900,0
2017-11-30,18:15:00,75.94,75.97,75.91,75.93,9534,0
2017-11-30,18:20:00,75.9399,75.95,75.92,75.92,6928,0
2017-11-30,18:25:00,75.93,75.95,75.93,75.935,11835,0
2017-11-30,18:30:00,75.94,75.95,75.92,75.94,4584,0
2017-11-30,18:35:00,75.93,75.93,75.87,75.89,4600,0
2017-11-30,18:40:00,75.88,75.89,75.87,75.89,10561,0
2017-11-30,18:45:00,75.9,75.93,75.9,75.92,4551,0
2017-11-30,18:50:00,75.92,75.95,75.92,75.93,8756,0
2017-11-30,18:55:00,75.91,75.91,75.87,75.87,1600,0
2017-11-30,19:00:00,75.87,75.91,75.83,75.9073,12207,0
2017-11-30,19:05:00,75.89,75.96,75.89,75.92,8099,0
2017-11-30,19:10:00,75.94,75.94,75.92,75.93,7364,0
2017-11-30,19:15:00,75.9343,75.96,75.93,75.96,9162,0
2017-11-30,19:20:00,75.95,75.95,75.85,75.89,7169,0
2017-11-30,19:25:00,75.88,75.91,75.87,75.87,5526,0
2017-11-30,19:30:00,75.87,75.91,75.865,75.91,6109,0
2017-11-30,19:35:00,75.91,75.91,75.87,75.87,2655,0
2017-11-30,19:40:00,75.89,75.91,75.84,75.85,2395,0
2017-11-30,19:45:00,75.83,75.84,75.78,75.78,5081,0
2017-11-30,19:50:00,75.81,75.84,75.81,75.82,3522,0
2017-11-30,19:55:00,75.8242,75.825,75.78,75.78,2082,0
2017-11-30,20:00:00,75.76,75.81,75.76,75.81,3600,0
2017-11-30,20:05:00,75.8,75.82,75.755,75.76,4660,0
2017-11-30,20:10:00,75.75,75.77,75.74,75.76,9555,0
2017-11-30,20:15:00,75.755,75.7746,75.755,75.77,1886,0
2017-11-30,20:20:00,75.76,75.79,75.75,75.785,1225,0
2017-11-30,20:25:00,75.78,75.79,75.77,75.79,3211,0
2017-11-30,20:30:00,75.8001,75.85,75.8001,75.835,5616,0
2017-11-30,20:35:00,75.83,75.83,75.81,75.815,2149,0
2017-11-30,20:40:00,75.8,75.8,75.77,75.8,1701,0
2017-11-30,20:45:00,75.7891,75.7891,75.75,75.77,16742,0
2017-11-30,20:50:00,75.77,75.79,75.76,75.77,1252,0
2017-11-30,20:55:00,75.77,75.86,75.76,75.86,3486,0
2017-11-30,21:00:00,75.87,75.885,75.82,75.88,1970,0
2017-11-30,21:05:00,75.84,75.8647,75.84,75.85,1550,0
2017-11-30,21:10:00,75.84,75.87,75.82,75.86,3300,0
2017-11-30,21:15:00,75.85,75.88,75.84,75.88,4951,0
2017-11-30,21:20:00,75.92,75.92,75.88,75.88,1100,0
2017-11-30,21:25:00,75.88,75.8998,75.83,75.84,12177,0
2017-11-30,21:30:00,75.83,75.8947,75.83,75.88,3025,0
2017-11-30,21:35:00,75.9,75.9,75.825,75.84,4626,0
2017-11-30,21:40:00,75.84,75.85,75.75,75.755,27097,0
2017-11-30,21:45:00,75.75,75.78,75.725,75.725,134224,0
2017-11-30,21:50:00,75.73,75.75,75.69,75.74,117565,0
2017-11-30,21:55:00,75.74,75.75,75.66,75.69,124161,0
2017-11-30,22:00:00,75.69,75.69,75.56,75.63,104783,0
2017-12-01,15:35:00,75.31,75.4,75.23,75.24,41615,0
2017-12-01,15:40:00,75.25,75.27,75.2095,75.24,5800,0
2017-12-01,15:45:00,75.215,75.26,75.08,75.08,11588,0
2017-12-01,15:50:00,75.08,75.15,75.08,75.12,7748,0
2017-12-01,15:55:00,75.17,75.2,75.14,75.18,209776,0
2017-12-01,16:00:00,75.18,75.21,75.17,75.21,47184,0
2017-12-01,16:05:00,75.22,75.29,75.22,75.26,30220,0
2017-12-01,16:10:00,75.27,75.39,75.27,75.39,27162,0
2017-12-01,16:15:00,75.38,75.38,75.3,75.36,4066,0
2017-12-01,16:20:00,75.39,75.49,75.38,75.44,7135,0
2017-12-01,16:25:00,75.43,75.45,75.4,75.4,2500,0
2017-12-01,16:30:00,75.42,75.46,75.4,75.44,8700,0
2017-12-01,16:35:00,75.45,75.48,75.4,75.4098,8408,0
2017-12-01,16:40:00,75.4,75.42,75.37,75.39,1700,0
2017-12-01,16:45:00,75.43,75.47,75.42,75.45,4300,0
2017-12-01,16:50:00,75.45,75.47,75.44,75.47,2283,0
2017-12-01,16:55:00,75.47,75.51,75.47,75.49,7004,0
2017-12-01,17:00:00,75.5,75.5199,75.446,75.45,5487,0
2017-12-01,17:05:00,75.42,75.45,75.4,75.43,16055,0
2017-12-01,17:10:00,75.4299,75.45,75.28,75.4,9999,0
2017-12-01,17:15:00,75.39,75.39,75.1,75.3,27640,0
2017-12-01,17:20:00,75.32,75.32,75.1962,75.27,4770,0
2017-12-01,17:25:00,75.27,75.28,75.15,75.17,23753,0
2017-12-01,17:30:00,75.15,75.23,75.08,75.11,19531,0
2017-12-01,17:35:00,75.09,75.1,74.83,75.05,36548,0
2017-12-01,17:40:00,75.06,75.14,75.04,75.12,4638,0
2017-12-01,17:45:00,75.12,75.16,75.01,75.04,10618,0
2017-12-01,17:50:00,75.04,75.04,74.88,74.89,13287,0
2017-12-01,17:55:00,74.83,74.9,74.78,74.87,18814,0
2017-12-01,18:00:00,74.9,74.91,74.77,74.88,19930,0
2017-12-01,18:05:00,74.9,75.09,74.86,75.09,31583,0
2017-12-01,18:10:00,75.06,75.18,75.05,75.15,12804,0
2017-12-01,18:15:00,75.13,75.15,75.02,75.04,19395,0
2017-12-01,18:20:00,75.06,75.11,74.99,75.06,18804,0
2017-12-01,18:25:00,75.07,75.08,75,75.03,28223,0
2017-12-01,18:30:00,75.05,75.08,74.99,75.04,17277,0
2017-12-01,18:35:00,75.03,75.04,74.95,74.95,13160,0
2017-12-01,18:40:00,74.97,75.02,74.95,74.99,16050,0
2017-12-01,18:45:00,74.99,75.075,74.97,75.07,13100,0
2017-12-01,18:50:00,75.05,75.17,75.03,75.14,13523,0
2017-12-01,18:55:00,75.16,75.18,75.1,75.12,12300,0
2017-12-01,19:00:00,75.13,75.15,75.1,75.15,8160,0
2017-12-01,19:05:00,75.13,75.16,75.11,75.16,7605,0
2017-12-01,19:10:00,75.16,75.16,75.07,75.07,8780,0
2017-12-01,19:15:00,75.07,75.14,75.07,75.13,11360,0
2017-12-01,19:20:00,75.13,75.13,75.06,75.1,7560,0
2017-12-01,19:25:00,75.105,75.15,75.07,75.15,6400,0
2017-12-01,19:30:00,75.14,75.18,75.14,75.18,22053,0
2017-12-01,19:35:00,75.18,75.24,75.17,75.21,13764,0
2017-12-01,19:40:00,75.22,75.22,75.19,75.22,5380,0
2017-12-01,19:45:00,75.21,75.21,75.17,75.18,3200,0
2017-12-01,19:50:00,75.17,75.17,75.11,75.12,5200,0
2017-12-01,19:55:00,75.12,75.14,75.1166,75.14,1957,0
2017-12-01,20:00:00,75.13,75.15,75.13,75.14,4228,0
2017-12-01,20:05:00,75.14,75.18,75.13,75.17,4423,0
2017-12-01,20:10:00,75.17,75.18,75.14,75.17,30160,0
2017-12-01,20:15:00,75.17,75.2,75.16,75.2,9503,0
2017-12-01,20:20:00,75.19,75.22,75.19,75.21,5880,0
2017-12-01,20:25:00,75.21,75.25,75.21,75.23,6565,0
2017-12-01,20:30:00,75.21,75.27,75.21,75.25,6806,0
2017-12-01,20:35:00,75.24,75.29,75.24,75.24,4142,0
2017-12-01,20:40:00,75.24,75.27,75.23,75.24,4888,0
2017-12-01,20:45:00,75.23,75.23,75.19,75.19,3601,0
2017-12-01,20:50:00,75.19,75.2,75.15,75.16,26984,0
2017-12-01,20:55:00,75.15,75.15,75.13,75.13,5001,0
2017-12-01,21:00:00,75.13,75.17,75.12,75.17,3999,0
2017-12-01,21:05:00,75.17,75.17,75.12,75.16,4060,0
2017-12-01,21:10:00,75.15,75.1877,75.13,75.1877,64466,0
2017-12-01,21:15:00,75.19,75.19,75.135,75.14,6206,0
2017-12-01,21:20:00,75.15,75.2,75.15,75.16,18001,0
2017-12-01,21:25:00,75.17,75.18,75.14,75.15,22747,0
2017-12-01,21:30:00,75.16,75.18,75.15,75.15,34044,0
2017-12-01,21:35:00,75.15,75.18,75.145,75.16,27211,0
2017-12-01,21:40:00,75.16,75.19,75.16,75.17,5191,0
2017-12-01,21:45:00,75.17,75.21,75.16,75.165,118046,0
2017-12-01,21:50:00,75.17,75.18,75.13,75.13,16847,0
2017-12-01,21:55:00,75.15,75.18,75.13,75.14,34348,0
2017-12-01,22:00:00,75.15,75.16,75.1,75.15,56842,0
2017-12-04,15:35:00,75.81,75.97,75.8,75.84,53078,0
2017-12-04,15:40:00,75.83,75.83,75.77,75.81,25289,0
2017-12-04,15:45:00,75.81,75.83,75.78,75.79,32197,0
2017-12-04,15:50:00,75.77,75.77,75.69,75.7,28399,0
2017-12-04,15:55:00,75.71,75.73,75.635,75.66,17753,0
2017-12-04,16:00:00,75.65,75.68,75.51,75.56,97762,0
2017-12-04,16:05:00,75.56,75.56,75.44,75.46,60771,0
2017-12-04,16:10:00,75.47,75.47,75.36,75.405,25179,0
2017-12-04,16:15:00,75.41,75.42,75.32,75.4,38332,0
2017-12-04,16:20:00,75.4,75.41,75.3,75.34,12191,0
2017-12-04,16:25:00,75.36,75.43,75.32,75.42,3600,0
2017-12-04,16:30:00,75.41,75.42,75.35,75.37,3900,0
2017-12-04,16:35:00,75.37,75.38,75.32,75.35,12380,0
2017-12-04,16:40:00,75.35,75.39,75.3499,75.3499,9400,0
2017-12-04,16:45:00,75.3553,75.36,75.3,75.3,10934,0
2017-12-04,16:50:00,75.29,75.32,75.24,75.25,66824,0
2017-12-04,16:55:00,75.26,75.27,75.17,75.18,74300,0
2017-12-04,17:00:00,75.17,75.21,75.13,75.2,48115,0
2017-12-04,17:05:00,75.2,75.24,75.17,75.21,6081,0
2017-12-04,17:10:00,75.2,75.23,75.17,75.19,3276,0
2017-12-04,17:15:00,75.19,75.24,75.15,75.19,9975,0
2017-12-04,17:20:00,75.19,75.32,75.19,75.32,7020,0
2017-12-04,17:25:00,75.33,75.36,75.32,75.33,3417,0
2017-12-04,17:30:00,75.34,75.36,75.32,75.32,3600,0
2017-12-04,17:35:00,75.34,75.34,75.26,75.27,5711,0
2017-12-04,17:40:00,75.2514,75.36,75.2514,75.35,4519,0
2017-12-04,17:45:00,75.34,75.34,75.29,75.3,2652,0
2017-12-04,17:50:00,75.29,75.29,75.235,75.28,15144,0
2017-12-04,17:55:00,75.27,75.32,75.27,75.3,6100,0
2017-12-04,18:00:00,75.29,75.37,75.29,75.368,3500,0
2017-12-04,18:05:00,75.37,75.41,75.37,75.395,8660,0
2017-12-04,18:10:00,75.4,75.41,75.38,75.38,4400,0
2017-12-04,18:15:00,75.38,75.43,75.36,75.43,5013,0
2017-12-04,18:20:00,75.43,75.43,75.4,75.42,2100,0
2017-12-04,18:25:00,75.41,75.415,75.335,75.36,6060,0
2017-12-04,18:30:00,75.35,75.375,75.33,75.35,3750,0
2017-12-04,18:35:00,75.35,75.35,75.31,75.33,4600,0
2017-12-04,18:40:00,75.35,75.37,75.319,75.34,4550,0
2017-12-04,18:45:00,75.35,75.38,75.35,75.38,2197,0
2017-12-04,18:50:00,75.39,75.43,75.38,75.43,4999,0
2017-12-04,18:55:00,75.45,75.45,75.42,75.43,4309,0
2017-12-04,19:00:00,75.43,75.45,75.43,75.45,26300,0
2017-12-04,19:05:00,75.45,75.51,75.45,75.51,72730,0
2017-12-04,19:10:00,75.515,75.54,75.5,75.5,12400,0
2017-12-04,19:15:00,75.495,75.5267,75.495,75.5267,3840,0
2017-12-04,19:20:00,75.53,75.53,75.5,75.52,2381,0
2017-12-04,19:25:00,75.52,75.545,75.51,75.52,7110,0
2017-12-04,19:30:00,75.52,75.53,75.52,75.53,1200,0
2017-12-04,19:35:00,75.52,75.52,75.51,75.51,2000,0
2017-12-04,19:40:00,75.51,75.51,75.51,75.51,800,0
2017-12-04,19:45:00,75.5,75.52,75.5,75.52,2700,0
2017-12-04,19:50:00,75.52,75.52,75.48,75.48,6282,0
2017-12-04,19:55:00,75.48,75.48,75.45,75.46,3253,0
2017-12-04,20:00:00,75.48,75.5,75.471,75.471,1039,0
2017-12-04,20:05:00,75.4631,75.47,75.4631,75.47,391,0
2017-12-04,20:10:00,75.45,75.45,75.42,75.4266,4077,0
2017-12-04,20:15:00,75.4,75.43,75.4,75.4,2223,0
2017-12-04,20:20:00,75.42,75.4255,75.37,75.37,1340,0
2017-12-04,20:25:00,75.38,75.38,75.34,75.34,5257,0
2017-12-04,20:30:00,75.35,75.35,75.31,75.3337,2302,0
2017-12-04,20:35:00,75.3,75.3,75.25,75.26,5000,0
2017-12-04,20:40:00,75.26,75.31,75.26,75.3,2958,0
2017-12-04,20:45:00,75.3,75.3,75.25,75.2752,1595,0
2017-12-04,20:50:00,75.28,75.3,75.25,75.25,4946,0
2017-12-04,20:55:00,75.26,75.29,75.26,75.27,4879,0
2017-12-04,21:00:00,75.26,75.27,75.23,75.24,15512,0
2017-12-04,21:05:00,75.23,75.23,75.19,75.23,4301,0
2017-12-04,21:10:00,75.23,75.27,75.22,75.27,6322,0
2017-12-04,21:15:00,75.27,75.27,75.22,75.22,1800,0
2017-12-04,21:20:00,75.21,75.22,75.18,75.18,4048,0
2017-12-04,21:25:00,75.18,75.23,75.18,75.225,2000,0
2017-12-04,21:30:00,75.22,75.22,75.185,75.2,4600,0
2017-12-04,21:35:00,75.18,75.2,75.12,75.12,17342,0
2017-12-04,21:40:00,75.13,75.13,75.09,75.09,46121,0
2017-12-04,21:45:00,75.09,75.12,75.08,75.09,23226,0
2017-12-04,21:50:00,75.09,75.09,74.9507,74.9507,106238,0
2017-12-04,21:55:00,74.96,75.02,74.96,74.985,164359,0
2017-12-04,22:00:00,74.985,75.03,74.98,75.01,92066,0
2017-12-05,15:35:00,74.96,75.01,74.899,75.01,5323,0
2017-12-05,15:40:00,75,75.13,75,75.11,20592,0
2017-12-05,15:45:00,75.09,75.16,75.09,75.12,11875,0
2017-12-05,15:50:00,75.11,75.14,75.095,75.14,12852,0
2017-12-05,15:55:00,75.13,75.14,75.085,75.095,7300,0
2017-12-05,16:00:00,75.11,75.21,75.11,75.2,5480,0
2017-12-05,16:05:00,75.16,75.25,75.16,75.2,4200,0
2017-12-05,16:10:00,75.2,75.2,75.12,75.12,4596,0
2017-12-05,16:15:00,75.15,75.17,75.12,75.15,8001,0
2017-12-05,16:20:00,75.18,75.24,75.17,75.235,16315,0
2017-12-05,16:25:00,75.23,75.24,75.2,75.2,5206,0
2017-12-05,16:30:00,75.2,75.25,75.2,75.2265,4039,0
2017-12-05,16:35:00,75.23,75.26,75.21,75.245,2384,0
2017-12-05,16:40:00,75.24,75.28,75.23,75.23,2325,0
2017-12-05,16:45:00,75.26,75.28,75.26,75.27,1652,0
2017-12-05,16:50:00,75.28,75.295,75.28,75.295,4450,0
2017-12-05,16:55:00,75.3,75.32,75.26,75.305,2149,0
2017-12-05,17:00:00,75.335,75.379,75.32,75.365,2849,0
2017-12-05,17:05:00,75.36,75.38,75.33,75.33,1986,0
2017-12-05,17:10:00,75.35,75.35,75.33,75.33,2101,0
2017-12-05,17:15:00,75.36,75.37,75.34,75.34,1800,0
2017-12-05,17:20:00,75.34,75.34,75.3348,75.3348,1839,0
2017-12-05,17:25:00,75.3,75.37,75.3,75.37,1400,0
2017-12-05,17:30:00,75.39,75.39,75.38,75.38,1350,0
2017-12-05,17:35:00,75.4,75.405,75.33,75.34,2434,0
2017-12-05,17:40:00,75.34,75.34,75.32,75.32,1079,0
2017-12-05,17:45:00,75.35,75.35,75.32,75.32,700,0
2017-12-05,17:50:00,75.31,75.31,75.3,75.3067,1800,0
2017-12-05,17:55:00,75.3,75.31,75.285,75.285,2000,0
2017-12-05,18:00:00,75.28,75.28,75.21,75.235,5531,0
2017-12-05,18:05:00,75.22,75.22,75.16,75.19,5896,0
2017-12-05,18:10:00,75.16,75.22,75.16,75.21,3400,0
2017-12-05,18:15:00,75.21,75.23,75.2,75.22,2786,0
2017-12-05,18:20:00,75.25,75.28,75.23,75.265,29045,0
2017-12-05,18:25:00,75.26,75.275,75.24,75.245,9300,0
2017-12-05,18:30:00,75.24,75.29,75.24,75.26,12700,0
2017-12-05,18:35:00,75.26,75.3,75.26,75.29,3126,0
2017-12-05,18:40:00,75.3,75.31,75.24,75.25,2061,0
2017-12-05,18:45:00,75.25,75.26,75.23,75.25,5733,0
2017-12-05,18:50:00,75.27,75.27,75.22,75.22,17563,0
2017-12-05,18:55:00,75.23,75.23,75.17,75.18,3100,0
2017-12-05,19:00:00,75.17,75.17,75.1,75.13,50928,0
2017-12-05,19:05:00,75.13,75.13,75.0977,75.12,5833,0
2017-12-05,19:10:00,75.11,75.11,75.08,75.09,2790,0
2017-12-05,19:15:00,75.08,75.09,75.08,75.08,1500,0
2017-12-05,19:20:00,75.07,75.13,75.07,75.13,6515,0
2017-12-05,19:25:00,75.12,75.16,75.12,75.13,2174,0
2017-12-05,19:30:00,75.13,75.16,75.13,75.16,2700,0
2017-12-05,19:35:00,75.16,75.17,75.14,75.14,3515,0
2017-12-05,19:40:00,75.15,75.18,75.14,75.15,4770,0
2017-12-05,19:45:00,75.15,75.16,75.12,75.16,1300,0
2017-12-05,19:50:00,75.14,75.16,75.12,75.15,1727,0
2017-12-05,19:55:00,75.1566,75.1566,75.14,75.14,490,0
2017-12-05,20:00:00,75.14,75.16,75.13,75.16,1651,0
2017-12-05,20:05:00,75.16,75.17,75.15,75.15,3145,0
2017-12-05,20:10:00,75.16,75.17,75.14,75.14,500,0
2017-12-05,20:15:00,75.16,75.16,75.13,75.13,4481,0
2017-12-05,20:20:00,75.12,75.14,75.09,75.12,28588,0
2017-12-05,20:25:00,75.1,75.12,75.06,75.12,35451,0
2017-12-05,20:30:00,75.11,75.11,75.06,75.08,5551,0
2017-12-05,20:35:00,75.08,75.08,75.04,75.05,34995,0
2017-12-05,20:40:00,75.03,75.07,75.02,75.03,5313,0
2017-12-05,20:45:00,75.02,75.06,75.02,75.03,7000,0
2017-12-05,20:50:00,75.02,75.02,74.99,75.01,8590,0
2017-12-05,20:55:00,75.01,75.02,74.97,74.97,3213,0
2017-12-05,21:00:00,74.975,74.98,74.93,74.94,5334,0
2017-12-05,21:05:00,74.94,74.98,74.94,74.98,7161,0
2017-12-05,21:10:00,74.97,74.99,74.96,74.97,8100,0
2017-12-05,21:15:00,74.965,74.985,74.95,74.98,6115,0
2017-12-05,21:20:00,74.98,74.98,74.935,74.96,114401,0
2017-12-05,21:25:00,74.95,75.02,74.95,75.01,16201,0
2017-12-05,21:30:00,75.02,75.05,75.01,75.03,3200,0
2017-12-05,21:35:00,75.02,75.04,75.02,75.02,6490,0
2017-12-05,21:40:00,75.01,75.02,74.99,74.99,8368,0
2017-12-05,21:45:00,74.99,75.04,74.98,75.01,9049,0
2017-12-05,21:50:00,75,75,74.93,74.97,36227,0
2017-12-05,21:55:00,75.01,75.01,74.94,74.96,13970,0
2017-12-05,22:00:00,74.97,75.04,74.97,75.02,89767,0
2017-12-06,15:35:00,73.8,73.8,73.56,73.76,59356,0
2017-12-06,15:40:00,73.75,73.9,73.72,73.9,11656,0
2017-12-06,15:45:00,73.9,73.9845,73.9,73.92,11636,0
2017-12-06,15:50:00,73.9,73.92,73.8,73.8,36425,0
2017-12-06,15:55:00,73.79,73.8,73.73,73.74,9600,0
2017-12-06,16:00:00,73.74,73.83,73.74,73.81,75662,0
2017-12-06,16:05:00,73.82,73.88,73.82,73.82,28834,0
2017-12-06,16:10:00,73.83,73.855,73.81,73.82,16902,0
2017-12-06,16:15:00,73.81,73.81,73.715,73.7165,29422,0
2017-12-06,16:20:00,73.7165,73.74,73.69,73.73,38852,0
2017-12-06,16:25:00,73.73,73.74,73.7,73.715,31586,0
2017-12-06,16:30:00,73.72,73.79,73.72,73.785,21351,0
2017-12-06,16:35:00,73.785,73.83,73.76,73.76,72808,0
2017-12-06,16:40:00,73.76,73.7799,73.7,73.71,41968,0
2017-12-06,16:45:00,73.73,73.7646,73.71,73.75,16305,0
2017-12-06,16:50:00,73.75,73.81,73.75,73.8,13632,0
2017-12-06,16:55:00,73.8,73.83,73.78,73.82,4808,0
2017-12-06,17:00:00,73.81,73.87,73.81,73.86,4307,0
2017-12-06,17:05:00,73.86,73.86,73.79,73.82,10071,0
2017-12-06,17:10:00,73.82,73.82,73.755,73.79,23041,0
2017-12-06,17:15:00,73.78,73.78,73.72,73.74,19816,0
2017-12-06,17:20:00,73.75,73.75,73.71,73.71,4154,0
2017-12-06,17:25:00,73.72,73.78,73.72,73.735,4590,0
2017-12-06,17:30:00,73.73,73.73,73.65,73.65,20761,0
2017-12-06,17:35:00,73.65,73.68,73.64,73.655,38673,0
2017-12-06,17:40:00,73.655,73.68,73.65,73.65,44481,0
2017-12-06,17:45:00,73.66,73.68,73.66,73.67,5436,0
2017-12-06,17:50:00,73.67,73.72,73.67,73.7,9267,0
2017-12-06,17:55:00,73.7,73.73,73.7,73.71,3653,0
2017-12-06,18:00:00,73.71,73.73,73.7,73.72,2024,0
2017-12-06,18:05:00,73.72,73.74,73.71,73.74,3537,0
2017-12-06,18:10:00,73.72,73.75,73.72,73.7466,3457,0
2017-12-06,18:15:00,73.74,73.77,73.74,73.76,2435,0
2017-12-06,18:20:00,73.76,73.76,73.7,73.7,8850,0
2017-12-06,18:25:00,73.7,73.71,73.7,73.7051,1900,0
2017-12-06,18:30:00,73.7,73.71,73.68,73.68,3149,0
2017-12-06,18:35:00,73.68,73.71,73.68,73.6949,1028,0
2017-12-06,18:40:00,73.69,73.7051,73.69,73.7051,2446,0
2017-12-06,18:45:00,73.71,73.735,73.7,73.73,1500,0
2017-12-06,18:50:00,73.7208,73.73,73.72,73.73,4520,0
2017-12-06,18:55:00,73.735,73.74,73.72,73.72,6020,0
2017-12-06,19:00:00,73.72,73.72,73.69,73.7,20735,0
2017-12-06,19:05:00,73.71,73.72,73.7,73.7,5959,0
2017-12-06,19:10:00,73.7,73.72,73.67,73.68,21831,0
2017-12-06,19:15:00,73.69,73.71,73.66,73.71,129379,0
2017-12-06,19:20:00,73.7,73.725,73.7,73.71,31701,0
2017-12-06,19:25:00,73.71,73.71,73.7,73.7,4900,0
2017-12-06,19:30:00,73.71,73.7148,73.7,73.7,8700,0
2017-12-06,19:35:00,73.7,73.76,73.7,73.76,37903,0
2017-12-06,19:40:00,73.765,73.78,73.76,73.77,8200,0
2017-12-06,19:45:00,73.78,73.8172,73.78,73.8172,4100,0
2017-12-06,19:50:00,73.81,73.8399,73.81,73.8399,700,0
2017-12-06,19:55:00,73.8348,73.865,73.8348,73.86,2600,0
2017-12-06,20:00:00,73.87,73.87,73.86,73.86,1098,0
2017-12-06,20:05:00,73.88,73.94,73.88,73.94,16549,0
2017-12-06,20:10:00,73.95,73.96,73.88,73.88,9072,0
2017-12-06,20:15:00,73.88,73.91,73.88,73.9,4900,0
2017-12-06,20:20:00,73.9,73.93,73.89,73.93,700,0
2017-12-06,20:25:00,73.92,73.94,73.92,73.93,1522,0
2017-12-06,20:30:00,73.95,73.955,73.91,73.95,3938,0
2017-12-06,20:35:00,73.95,73.95,73.93,73.94,850,0
2017-12-06,20:40:00,73.94,73.97,73.92,73.95,18366,0
2017-12-06,20:45:00,73.96,73.96,73.94,73.94,7185,0
2017-12-06,20:50:00,73.95,73.95,73.93,73.93,9103,0
2017-12-06,20:55:00,73.94,73.9443,73.93,73.93,9341,0
2017-12-06,21:00:00,73.925,73.9399,73.925,73.93,10416,0
2017-12-06,21:05:00,73.93,73.94,73.93,73.94,4631,0
2017-12-06,21:10:00,73.94,73.98,73.94,73.9744,8968,0
2017-12-06,21:15:00,73.975,74.0239,73.975,74.0239,18752,0
2017-12-06,21:20:00,74.02,74.035,74,74.02,7275,0
2017-12-06,21:25:00,74.01,74.01,73.97,73.97,8822,0
2017-12-06,21:30:00,73.975,73.9786,73.96,73.96,10642,0
2017-12-06,21:35:00,73.965,73.9739,73.94,73.94,11585,0
2017-12-06,21:40:00,73.935,73.9399,73.93,73.93,5167,0
2017-12-06,21:45:00,73.92,73.925,73.9,73.92,5472,0
2017-12-06,21:50:00,73.91,73.92,73.88,73.89,54630,0
2017-12-06,21:55:00,73.88,73.885,73.86,73.885,147719,0
2017-12-06,22:00:00,73.89,73.915,73.86,73.86,94919,0
2017-12-07,15:35:00,73.8,73.94,73.8,73.91,43402,0
2017-12-07,15:40:00,73.91,74.03,73.9,74.0249,58022,0
2017-12-07,15:45:00,74.02,74.02,73.94,73.96,46040,0
2017-12-07,15:50:00,73.99,74.05,73.99,74.05,30079,0
2017-12-07,15:55:00,74.03,74.08,74.03,74.035,29163,0
2017-12-07,16:00:00,74.04,74.05,74.03,74.05,14765,0
2017-12-07,16:05:00,74.05,74.07,74,74.06,17394,0
2017-12-07,16:10:00,74.07,74.07,74.03,74.04,44928,0
2017-12-07,16:15:00,74.02,74.105,74.02,74.105,16205,0
2017-12-07,16:20:00,74.1,74.22,74.08,74.22,26069,0
2017-12-07,16:25:00,74.22,74.24,74.2,74.2,30761,0
2017-12-07,16:30:00,74.2,74.23,74.18,74.21,30324,0
2017-12-07,16:35:00,74.22,74.27,74.21,74.24,23120,0
2017-12-07,16:40:00,74.23,74.25,74.22,74.25,6000,0
2017-12-07,16:45:00,74.25,74.25,74.22,74.23,47668,0
2017-12-07,16:50:00,74.23,74.24,74.21,74.21,31064,0
2017-12-07,16:55:00,74.215,74.22,74.17,74.175,84860,0
2017-12-07,17:00:00,74.18,74.21,74.18,74.21,70374,0
2017-12-07,17:05:00,74.21,74.23,74.2,74.21,43812,0
2017-12-07,17:10:00,74.22,74.22,74.13,74.13,24706,0
2017-12-07,17:15:00,74.13,74.15,74.11,74.14,30878,0
2017-12-07,17:20:00,74.14,74.16,74.12,74.1501,11100,0
2017-12-07,17:25:00,74.15,74.2,74.14,74.2,3909,0
2017-12-07,17:30:00,74.21,74.23,74.2,74.23,10179,0
2017-12-07,17:35:00,74.24,74.3,74.24,74.3,15913,0
2017-12-07,17:40:00,74.31,74.31,74.28,74.3,3400,0
2017-12-07,17:45:00,74.32,74.32,74.29,74.3,2100,0
2017-12-07,17:50:00,74.3,74.32,74.28,74.3,2872,0
2017-12-07,17:55:00,74.3,74.32,74.3,74.32,1269,0
2017-12-07,18:00:00,74.33,74.35,74.33,74.34,2200,0
2017-12-07,18:05:00,74.34,74.34,74.27,74.28,3899,0
2017-12-07,18:10:00,74.28,74.37,74.28,74.36,567642,0
2017-12-07,18:15:00,74.36,74.38,74.34,74.38,4011,0
2017-12-07,18:20:00,74.37,74.4,74.37,74.4,19020,0
2017-12-07,18:25:00,74.4,74.43,74.36,74.36,21943,0
2017-12-07,18:30:00,74.37,74.39,74.36,74.39,3251,0
2017-12-07,18:35:00,74.39,74.43,74.38,74.42,4000,0
2017-12-07,18:40:00,74.43,74.43,74.4,74.415,6399,0
2017-12-07,18:45:00,74.42,74.43,74.41,74.43,8820,0
2017-12-07,18:50:00,74.43,74.45,74.42,74.44,10180,0
2017-12-07,18:55:00,74.44,74.44,74.41,74.41,5395,0
2017-12-07,19:00:00,74.42,74.42,74.4,74.41,6551,0
2017-12-07,19:05:00,74.42,74.44,74.38,74.41,5944,0
2017-12-07,19:10:00,74.4,74.44,74.39,74.42,13621,0
2017-12-07,19:15:00,74.41,74.435,74.41,74.42,7790,0
2017-12-07,19:20:00,74.42,74.425,74.42,74.42,13317,0
2017-12-07,19:25:00,74.425,74.46,74.42,74.46,17870,0
2017-12-07,19:30:00,74.45,74.4708,74.45,74.45,19572,0
2017-12-07,19:35:00,74.44,74.45,74.42,74.43,10401,0
2017-12-07,19:40:00,74.42,74.45,74.42,74.44,16774,0
2017-12-07,19:45:00,74.43,74.435,74.39,74.405,40557,0
2017-12-07,19:50:00,74.4,74.405,74.39,74.3901,123712,0
2017-12-07,19:55:00,74.395,74.4,74.33,74.335,163994,0
2017-12-07,20:00:00,74.34,74.35,74.34,74.34,5441,0
2017-12-07,20:05:00,74.345,74.345,74.32,74.32,11552,0
2017-12-07,20:10:00,74.325,74.35,74.32,74.35,35458,0
2017-12-07,20:15:00,74.3462,74.35,74.32,74.33,11732,0
2017-12-07,20:20:00,74.32,74.345,74.32,74.345,67000,0
2017-12-07,20:25:00,74.34,74.345,74.33,74.33,17067,0
2017-12-07,20:30:00,74.33,74.34,74.31,74.31,81905,0
2017-12-07,20:35:00,74.305,74.305,74.29,74.295,59908,0
2017-12-07,20:40:00,74.29,74.295,74.27,74.285,58508,0
2017-12-07,20:45:00,74.27,74.285,74.23,74.23,10017,0
2017-12-07,20:50:00,74.23,74.29,74.22,74.27,33048,0
2017-12-07,20:55:00,74.28,74.3,74.27,74.27,1200,0
2017-12-07,21:00:00,74.27,74.27,74.25,74.2605,2760,0
2017-12-07,21:05:00,74.26,74.29,74.25,74.29,2600,0
2017-12-07,21:10:00,74.28,74.29,74.26,74.26,11160,0
2017-12-07,21:15:00,74.26,74.274,74.25,74.274,2321,0
2017-12-07,21:20:00,74.28,74.29,74.28,74.28,5145,0
2017-12-07,21:25:00,74.28,74.35,74.27,74.34,7469,0
2017-12-07,21:30:00,74.33,74.351,74.32,74.32,6325,0
2017-12-07,21:35:00,74.33,74.36,74.32,74.36,15636,0
2017-12-07,21:40:00,74.365,74.38,74.36,74.37,4099,0
2017-12-07,21:45:00,74.37,74.385,74.35,74.375,122134,0
2017-12-07,21:50:00,74.37,74.38,74.35,74.37,24617,0
2017-12-07,21:55:00,74.37,74.42,74.345,74.41,78210,0
2017-12-07,22:00:00,74.41,74.44,74.385,74.41,128374,0
2017-12-08,15:35:00,75.29,75.38,75.2783,75.36,24353,0
2017-12-08,15:40:00,75.33,75.36,75.3,75.32,19261,0
2017-12-08,15:45:00,75.32,75.32,75.29,75.3,17882,0
2017-12-08,15:50:00,75.3,75.3,75.24,75.24,26877,0
2017-12-08,15:55:00,75.24,75.24,75.17,75.2,38750,0
2017-12-08,16:00:00,75.21,75.22,75.18,75.2,17117,0
2017-12-08,16:05:00,75.2,75.2,75.12,75.13,2400,0
2017-12-08,16:10:00,75.14,75.15,75.11,75.11,6842,0
2017-12-08,16:15:00,75.11,75.11,75.06,75.07,4051,0
2017-12-08,16:20:00,75.07,75.07,75.03,75.07,8311,0
2017-12-08,16:25:00,75.06,75.06,75.04,75.04,22855,0
2017-12-08,16:30:00,75.05,75.07,75.05,75.05,1450,0
2017-12-08,16:35:00,75.06,75.08,75.05,75.08,11800,0
2017-12-08,16:40:00,75.08,75.0949,75.08,75.0949,1434,0
2017-12-08,16:45:00,75.06,75.1,75.05,75.08,9487,0
2017-12-08,16:50:00,75.07,75.07,75.05,75.07,1868,0
2017-12-08,16:55:00,75.07,75.07,75.05,75.065,2723,0
2017-12-08,17:00:00,75.06,75.07,75.06,75.065,1000,0
2017-12-08,17:05:00,75.09,75.14,75.085,75.14,18774,0
2017-12-08,17:10:00,75.14,75.155,75.14,75.155,3200,0
2017-12-08,17:15:00,75.15,75.16,75.13,75.16,3800,0
2017-12-08,17:20:00,75.159,75.17,75.155,75.17,1250,0
2017-12-08,17:25:00,75.18,75.2,75.18,75.195,1500,0
2017-12-08,17:30:00,75.2,75.2,75.11,75.12,2488,0
2017-12-08,17:35:00,75.13,75.1301,75.07,75.07,11549,0
2017-12-08,17:40:00,75.08,75.13,75.075,75.12,12473,0
2017-12-08,17:45:00,75.12,75.15,75.12,75.15,7690,0
2017-12-08,17:50:00,75.155,75.18,75.155,75.18,2845,0
2017-12-08,17:55:00,75.19,75.19,75.17,75.17,1667,0
2017-12-08,18:00:00,75.17,75.17,75.16,75.17,1500,0
2017-12-08,18:05:00,75.17,75.195,75.17,75.1874,6605,0
2017-12-08,18:10:00,75.2,75.23,75.2,75.22,3315,0
2017-12-08,18:15:00,75.23,75.24,75.225,75.235,12700,0
2017-12-08,18:20:00,75.24,75.24,75.235,75.235,9479,0
2017-12-08,18:25:00,75.24,75.24,75.235,75.235,2300,0
2017-12-08,18:30:00,75.24,75.26,75.235,75.26,8005,0
2017-12-08,18:35:00,75.26,75.26,75.26,75.26,400,0
2017-12-08,18:40:00,75.26,75.265,75.25,75.25,1000,0
2017-12-08,18:45:00,75.25,75.26,75.245,75.2567,4843,0
2017-12-08,18:50:00,75.26,75.26,75.24,75.25,4090,0
2017-12-08,18:55:00,75.24,75.24,75.23,75.23,400,0
2017-12-08,19:00:00,75.23,75.23,75.206,75.206,6068,0
2017-12-08,19:05:00,75.215,75.24,75.215,75.24,500,0
2017-12-08,19:10:00,75.26,75.26,75.26,75.26,200,0
2017-12-08,19:15:00,75.26,75.28,75.245,75.25,5778,0
2017-12-08,19:20:00,75.255,75.2786,75.255,75.2786,12100,0
2017-12-08,19:25:00,75.28,75.28,75.27,75.2701,421,0
2017-12-08,19:30:00,75.27,75.27,75.25,75.26,1334,0
2017-12-08,19:35:00,75.26,75.27,75.26,75.27,2800,0
2017-12-08,19:40:00,75.27,75.29,75.27,75.29,2100,0
2017-12-08,19:45:00,75.29,75.295,75.28,75.295,2700,0
2017-12-08,19:50:00,75.295,75.3072,75.28,75.28,3143,0
2017-12-08,19:55:00,75.28,75.28,75.275,75.28,3200,0
2017-12-08,20:00:00,75.285,75.285,75.285,75.285,500,0
2017-12-08,20:05:00,75.285,75.285,75.28,75.285,600,0
2017-12-08,20:10:00,75.285,75.29,75.285,75.29,400,0
2017-12-08,20:15:00,75.28,75.285,75.2443,75.2443,1681,0
2017-12-08,20:20:00,75.245,75.25,75.22,75.23,3374,0
2017-12-08,20:25:00,75.22,75.225,75.19,75.205,2609,0
2017-12-08,20:30:00,75.21,75.24,75.21,75.24,27986,0
2017-12-08,20:35:00,75.23,75.23,75.19,75.2,48538,0
2017-12-08,20:40:00,75.2,75.2,75.18,75.2,15690,0
2017-12-08,20:45:00,75.22,75.22,75.2,75.2,1765,0
2017-12-08,20:50:00,75.19,75.1959,75.16,75.16,2467,0
2017-12-08,20:55:00,75.18,75.2099,75.1799,75.2099,19815,0
2017-12-08,21:00:00,75.2,75.2,75.19,75.19,300,0
2017-12-08,21:05:00,75.2,75.23,75.2,75.21,2454,0
2017-12-08,21:10:00,75.21,75.21,75.2,75.2,1000,0
2017-12-08,21:15:00,75.2,75.2,75.1999,75.2,2847,0
2017-12-08,21:20:00,75.205,75.21,75.19,75.21,32271,0
2017-12-08,21:25:00,75.21,75.25,75.21,75.25,48579,0
2017-12-08,21:30:00,75.265,75.265,75.25,75.26,3334,0
2017-12-08,21:35:00,75.255,75.27,75.25,75.25,204382,0
2017-12-08,21:40:00,75.25,75.25,75.22,75.22,162323,0
2017-12-08,21:45:00,75.22,75.25,75.22,75.24,48620,0
2017-12-08,21:50:00,75.24,75.245,75.2,75.21,43029,0
2017-12-08,21:55:00,75.21,75.275,75.21,75.27,22335,0
2017-12-08,22:00:00,75.27,75.31,75.26,75.3,19698,0
2017-12-11,15:35:00,75.69,75.74,75.62,75.72,22511,0
2017-12-11,15:40:00,75.73,75.78,75.71,75.78,16117,0
2017-12-11,15:45:00,75.78,75.79,75.74,75.77,20186,0
2017-12-11,15:50:00,75.78,75.78,75.74,75.74,6730,0
2017-12-11,15:55:00,75.74,75.78,75.74,75.77,4367,0
2017-12-11,16:00:00,75.77,75.85,75.75,75.85,7359,0
2017-12-11,16:05:00,75.86,75.86,75.82,75.82,17042,0
2017-12-11,16:10:00,75.83,75.87,75.82,75.87,6125,0
2017-12-11,16:15:00,75.87,75.87,75.84,75.85,2400,0
2017-12-11,16:20:00,75.85,75.85,75.8,75.8,11549,0
2017-12-11,16:25:00,75.8,75.8,75.74,75.75,14210,0
2017-12-11,16:30:00,75.75,75.77,75.74,75.75,9585,0
2017-12-11,16:35:00,75.75,75.78,75.75,75.78,15374,0
2017-12-11,16:40:00,75.78,75.79,75.77,75.78,10049,0
2017-12-11,16:45:00,75.79,75.8,75.79,75.79,5300,0
2017-12-11,16:50:00,75.8,75.8,75.77,75.77,5625,0
2017-12-11,16:55:00,75.77,75.79,75.77,75.78,4376,0
2017-12-11,17:00:00,75.79,75.79,75.73,75.73,1900,0
2017-12-11,17:05:00,75.75,75.75,75.71,75.73,13026,0
2017-12-11,17:10:00,75.72,75.74,75.71,75.71,7564,0
2017-12-11,17:15:00,75.72,75.76,75.72,75.745,2000,0
2017-12-11,17:20:00,75.745,75.75,75.73,75.74,5200,0
2017-12-11,17:25:00,75.75,75.75,75.74,75.75,10850,0
2017-12-11,17:30:00,75.75,75.75,75.73,75.73,12853,0
2017-12-11,17:35:00,75.73,75.74,75.715,75.74,52455,0
2017-12-11,17:40:00,75.74,75.75,75.74,75.74,6819,0
2017-12-11,17:45:00,75.75,75.75,75.74,75.74,1400,0
2017-12-11,17:50:00,75.7399,75.74,75.73,75.73,1734,0
2017-12-11,17:55:00,75.735,75.765,75.73,75.765,46756,0
2017-12-11,18:00:00,75.765,75.78,75.7399,75.755,24187,0
2017-12-11,18:05:00,75.77,75.785,75.765,75.78,1400,0
2017-12-11,18:10:00,75.785,75.8,75.775,75.8,20154,0
2017-12-11,18:15:00,75.81,75.81,75.8,75.805,5800,0
2017-12-11,18:20:00,75.8,75.8,75.78,75.78,5110,0
2017-12-11,18:25:00,75.77,75.77,75.74,75.76,3200,0
2017-12-11,18:30:00,75.76,75.79,75.76,75.77,2527,0
2017-12-11,18:35:00,75.77,75.815,75.77,75.81,2500,0
2017-12-11,18:40:00,75.82,75.82,75.8,75.8,3024,0
2017-12-11,18:45:00,75.79,75.81,75.79,75.81,2300,0
2017-12-11,18:50:00,75.81,75.82,75.785,75.79,3826,0
2017-12-11,18:55:00,75.79,75.8199,75.785,75.8,2200,0
2017-12-11,19:00:00,75.8,75.83,75.8,75.83,1315,0
2017-12-11,19:05:00,75.83,75.87,75.83,75.8399,28415,0
2017-12-11,19:10:00,75.83,75.86,75.82,75.84,4169,0
2017-12-11,19:15:00,75.84,75.85,75.83,75.83,1000,0
2017-12-11,19:20:00,75.82,75.83,75.81,75.8299,3600,0
2017-12-11,19:25:00,75.83,75.83,75.79,75.8,6879,0
2017-12-11,19:30:00,75.81,75.81,75.779,75.779,3730,0
2017-12-11,19:35:00,75.78,75.8,75.78,75.8,925,0
2017-12-11,19:40:00,75.8,75.81,75.7834,75.79,6752,0
2017-12-11,19:45:00,75.79,75.795,75.78,75.79,7200,0
2017-12-11,19:50:00,75.8,75.81,75.8,75.8,900,0
2017-12-11,19:55:00,75.8,75.81,75.795,75.81,3100,0
2017-12-11,20:00:00,75.81,75.84,75.81,75.83,4772,0
2017-12-11,20:05:00,75.83,75.83,75.8,75.8,5904,0
2017-12-11,20:10:00,75.79,75.79,75.7701,75.79,2155,0
2017-12-11,20:15:00,75.8,75.82,75.79,75.81,2719,0
2017-12-11,20:20:00,75.82,75.82,75.8,75.82,1576,0
2017-12-11,20:25:00,75.81,75.82,75.79,75.81,55849,0
2017-12-11,20:30:00,75.805,75.805,75.79,75.79,7866,0
2017-12-11,20:35:00,75.78,75.78,75.74,75.74,36009,0
2017-12-11,20:40:00,75.7474,75.7474,75.73,75.74,9816,0
2017-12-11,20:45:00,75.74,75.76,75.7399,75.76,1000,0
2017-12-11,20:50:00,75.76,75.76,75.72,75.73,1700,0
2017-12-11,20:55:00,75.73,75.75,75.725,75.75,1925,0
2017-12-11,21:00:00,75.74,75.78,75.74,75.78,1200,0
2017-12-11,21:05:00,75.77,75.78,75.75,75.76,2700,0
2017-12-11,21:10:00,75.77,75.78,75.76,75.76,2313,0
2017-12-11,21:15:00,75.76,75.78,75.76,75.78,4034,0
2017-12-11,21:20:00,75.78,75.78,75.75,75.75,6921,0
2017-12-11,21:25:00,75.76,75.76,75.74,75.76,6086,0
2017-12-11,21:30:00,75.76,75.76,75.75,75.75,3019,0
2017-12-11,21:35:00,75.75,75.77,75.75,75.77,11976,0
2017-12-11,21:40:00,75.78,75.785,75.77,75.785,4979,0
2017-12-11,21:45:00,75.78,75.78,75.768,75.77,3091,0
2017-12-11,21:50:00,75.78,75.79,75.77,75.78,16416,0
2017-12-11,21:55:00,75.78,75.8,75.78,75.8,37440,0
2017-12-11,22:00:00,75.79,75.8058,75.73,75.76,159700,0
2017-12-12,15:35:00,75.21,75.21,75.056,75.11,52992,0
2017-12-12,15:40:00,75.1,75.12,75.05,75.09,20154,0
2017-12-12,15:45:00,75.085,75.13,75.08,75.11,12557,0
2017-12-12,15:50:00,75.12,75.145,75.09,75.09,7775,0
2017-12-12,15:55:00,75.09,75.12,75.08,75.1,4747,0
2017-12-12,16:00:00,75.09,75.14,75.08,75.14,6885,0
2017-12-12,16:05:00,75.15,75.18,75.15,75.16,20800,0
2017-12-12,16:10:00,75.16,75.17,75.14,75.17,4968,0
2017-12-12,16:15:00,75.15,75.15,75.12,75.12,3985,0
2017-12-12,16:20:00,75.11,75.15,75.095,75.15,25651,0
2017-12-12,16:25:00,75.15,75.17,75.15,75.16,10903,0
2017-12-12,16:30:00,75.16,75.16,75.08,75.08,8400,0
2017-12-12,16:35:00,75.08,75.1,75.06,75.1,2970,0
2017-12-12,16:40:00,75.08,75.09,75.06,75.08,3938,0
2017-12-12,16:45:00,75.07,75.08,75.025,75.03,2820,0
2017-12-12,16:50:00,75.035,75.07,75.035,75.07,4100,0
2017-12-12,16:55:00,75.065,75.09,75.065,75.08,5255,0
2017-12-12,17:00:00,75.09,75.1046,75.07,75.07,6200,0
2017-12-12,17:05:00,75.07,75.07,75.035,75.06,7796,0
2017-12-12,17:10:00,75.055,75.09,75.055,75.08,6441,0
2017-12-12,17:15:00,75.075,75.11,75.075,75.1,5550,0
2017-12-12,17:20:00,75.09,75.09,75.07,75.08,3400,0
2017-12-12,17:25:00,75.08,75.08,75.06,75.06,5741,0
2017-12-12,17:30:00,75.07,75.12,75.07,75.12,8696,0
2017-12-12,17:35:00,75.12,75.14,75.11,75.13,12400,0
2017-12-12,17:40:00,75.125,75.13,75.1,75.13,22497,0
2017-12-12,17:45:00,75.13,75.14,75.12,75.12,5500,0
2017-12-12,17:50:00,75.12,75.12,75.11,75.12,3649,0
2017-12-12,17:55:00,75.11,75.12,75.07,75.09,5972,0
2017-12-12,18:00:00,75.0847,75.13,75.0847,75.13,4309,0
2017-12-12,18:05:00,75.12,75.14,75.11,75.14,3700,0
2017-12-12,18:10:00,75.13,75.14,75.125,75.14,7533,0
2017-12-12,18:15:00,75.145,75.16,75.13,75.16,5042,0
2017-12-12,18:20:00,75.17,75.17,75.16,75.17,45919,0
2017-12-12,18:25:00,75.17,75.17,75.16,75.16,6577,0
2017-12-12,18:30:00,75.17,75.17,75.11,75.15,19464,0
2017-12-12,18:35:00,75.14,75.14,75.1,75.1,4202,0
2017-12-12,18:40:00,75.1,75.11,75.065,75.07,1988,0
2017-12-12,18:45:00,75.06,75.08,75.06,75.07,2302,0
2017-12-12,18:50:00,75.065,75.09,75.06,75.07,2698,0
2017-12-12,18:55:00,75.04,75.08,75.04,75.08,2200,0
2017-12-12,19:00:00,75.07,75.085,75.07,75.085,5542,0
2017-12-12,19:05:00,75.085,75.095,75.07,75.08,4700,0
2017-12-12,19:10:00,75.08,75.1,75.08,75.09,2800,0
2017-12-12,19:15:00,75.1,75.13,75.1,75.13,8223,0
2017-12-12,19:20:00,75.12,75.14,75.12,75.14,15925,0
2017-12-12,19:25:00,75.135,75.15,75.13,75.13,2487,0
2017-12-12,19:30:00,75.14,75.14,75.105,75.13,5230,0
2017-12-12,19:35:00,75.12,75.13,75.1,75.11,3087,0
2017-12-12,19:40:00,75.11,75.14,75.11,75.13,7275,0
2017-12-12,19:45:00,75.14,75.15,75.12,75.1201,3186,0
2017-12-12,19:50:00,75.13,75.13,75.11,75.12,4720,0
2017-12-12,19:55:00,75.11,75.12,75.085,75.09,4125,0
2017-12-12,20:00:00,75.1,75.11,75.09,75.1,3961,0
2017-12-12,20:05:00,75.09,75.1,75.075,75.09,4300,0
2017-12-12,20:10:00,75.1,75.12,75.1,75.11,51237,0
2017-12-12,20:15:00,75.11,75.13,75.11,75.13,2343,0
2017-12-12,20:20:00,75.13,75.1571,75.12,75.1571,8786,0
2017-12-12,20:25:00,75.1581,75.159,75.14,75.15,4278,0
2017-12-12,20:30:00,75.15,75.16,75.15,75.15,1200,0
2017-12-12,20:35:00,75.16,75.18,75.16,75.17,4975,0
2017-12-12,20:40:00,75.175,75.2,75.175,75.2,7310,0
2017-12-12,20:45:00,75.2,75.2,75.19,75.2,2977,0
2017-12-12,20:50:00,75.2,75.21,75.175,75.21,7612,0
2017-12-12,20:55:00,75.21,75.23,75.21,75.23,13701,0
2017-12-12,21:00:00,75.24,75.25,75.23,75.23,3109,0
2017-12-12,21:05:00,75.23,75.24,75.23,75.235,2009,0
2017-12-12,21:10:00,75.24,75.28,75.235,75.2468,11988,0
2017-12-12,21:15:00,75.24,75.25,75.24,75.25,11658,0
2017-12-12,21:20:00,75.25,75.25,75.215,75.23,6500,0
2017-12-12,21:25:00,75.23,75.25,75.22,75.25,4990,0
2017-12-12,21:30:00,75.25,75.26,75.245,75.26,9400,0
2017-12-12,21:35:00,75.27,75.28,75.23,75.23,15389,0
2017-12-12,21:40:00,75.24,75.245,75.22,75.23,8556,0
2017-12-12,21:45:00,75.23,75.245,75.225,75.24,6851,0
2017-12-12,21:50:00,75.24,75.255,75.19,75.205,52363,0
2017-12-12,21:55:00,75.2,75.21,75.18,75.19,17285,0
2017-12-12,22:00:00,75.2,75.215,75.13,75.15,56593,0
2017-12-13,15:35:00,75.73,75.93,75.73,75.92,67032,0
2017-12-13,15:40:00,75.92,75.95,75.9,75.9,4067,0
2017-12-13,15:45:00,75.9,75.9,75.84,75.85,6400,0
2017-12-13,15:50:00,75.85,75.857,75.83,75.84,17792,0
2017-12-13,15:55:00,75.84,75.87,75.84,75.86,7167,0
2017-12-13,16:00:00,75.86,75.885,75.84,75.86,4950,0
2017-12-13,16:05:00,75.85,75.855,75.83,75.85,4720,0
2017-12-13,16:10:00,75.85,75.85,75.82,75.82,8281,0
2017-12-13,16:15:00,75.82,75.85,75.81,75.84,10215,0
2017-12-13,16:20:00,75.83,75.86,75.83,75.84,9230,0
2017-12-13,16:25:00,75.84,75.865,75.84,75.85,900,0
2017-12-13,16:30:00,75.84,75.885,75.84,75.885,5590,0
2017-12-13,16:35:00,75.88,75.88,75.85,75.87,21006,0
2017-12-13,16:40:00,75.87,75.9099,75.87,75.9099,11774,0
2017-12-13,16:45:00,75.9,75.93,75.895,75.91,2620,0
2017-12-13,16:50:00,75.9199,75.94,75.91,75.94,30000,0
2017-12-13,16:55:00,75.94,76.01,75.94,76.01,15250,0
2017-12-13,17:00:00,76.01,76.01,75.99,76.01,2615,0
2017-12-13,17:05:00,76.02,76.02,75.999,76.0099,3699,0
2017-12-13,17:10:00,76.01,76.015,75.99,76.01,3200,0
2017-12-13,17:15:00,76.02,76.02,76,76,1600,0
2017-12-13,17:20:00,76,76.0099,76,76,900,0
2017-12-13,17:25:00,76,76.01,76,76.01,2394,0
2017-12-13,17:30:00,76.015,76.015,75.87,75.87,20417,0
2017-12-13,17:35:00,75.87,75.95,75.87,75.92,43095,0
2017-12-13,17:40:00,75.92,75.94,75.92,75.93,8950,0
2017-12-13,17:45:00,75.94,75.95,75.93,75.94,600,0
2017-12-13,17:50:00,75.94,75.95,75.94,75.94,4334,0
2017-12-13,17:55:00,75.95,75.97,75.93,75.97,2855,0
2017-12-13,18:00:00,75.95,75.96,75.95,75.95,900,0
2017-12-13,18:05:00,75.95,75.95,75.87,75.87,49628,0
2017-12-13,18:10:00,75.87,75.87,75.86,75.87,23085,0
2017-12-13,18:15:00,75.85,75.88,75.85,75.86,35201,0
2017-12-13,18:20:00,75.855,75.86,75.845,75.86,22623,0
2017-12-13,18:25:00,75.87,75.94,75.86,75.94,14600,0
2017-12-13,18:30:00,75.93,75.95,75.9,75.92,43860,0
2017-12-13,18:35:00,75.92,75.94,75.92,75.9225,9480,0
2017-12-13,18:40:00,75.93,75.93,75.85,75.85,18441,0
2017-12-13,18:45:00,75.85,75.87,75.8415,75.87,20544,0
2017-12-13,18:50:00,75.89,75.89,75.85,75.89,2799,0
2017-12-13,18:55:00,75.89,75.91,75.89,75.9,2457,0
2017-12-13,19:00:00,75.9,75.92,75.9,75.91,3590,0
2017-12-13,19:05:00,75.92,75.98,75.92,75.96,15497,0
2017-12-13,19:10:00,75.95,75.97,75.94,75.95,14995,0
2017-12-13,19:15:00,75.95,75.96,75.94,75.96,39382,0
2017-12-13,19:20:00,75.97,75.97,75.95,75.9599,67460,0
2017-12-13,19:25:00,75.96,75.99,75.96,75.99,15350,0
2017-12-13,19:30:00,75.98,75.98,75.96,75.96,9738,0
2017-12-13,19:35:00,75.9699,75.97,75.94,75.95,50251,0
2017-12-13,19:40:00,75.96,75.97,75.95,75.96,21060,0
2017-12-13,19:45:00,75.96,75.97,75.94,75.94,22476,0
2017-12-13,19:50:00,75.95,75.95,75.95,75.95,2327,0
2017-12-13,19:55:00,75.96,75.97,75.95,75.95,1209,0
2017-12-13,20:00:00,75.9499,75.95,75.88,75.91,7099,0
2017-12-13,20:05:00,75.96,76.23,75.93,76.1099,26191,0
2017-12-13,20:10:00,76.0899,76.0899,76.0899,76.0899,100,0
2017-12-13,20:15:00,76.05,76.05,76.01,76.03,13194,0
2017-12-13,20:20:00,76.02,76.07,76.02,76.07,19314,0
2017-12-13,20:25:00,76.05,76.05,75.98,76.03,53339,0
2017-12-13,20:30:00,76.03,76.06,76.02,76.06,7562,0
2017-12-13,20:35:00,76.06,76.19,76.06,76.19,22466,0
2017-12-13,20:40:00,76.19,76.2,76.1654,76.175,11613,0
2017-12-13,20:45:00,76.1754,76.19,76.16,76.17,6714,0
2017-12-13,20:50:00,76.17,76.21,76.16,76.21,8940,0
2017-12-13,20:55:00,76.21,76.29,76.205,76.29,6587,0
2017-12-13,21:00:00,76.26,76.33,76.26,76.32,4400,0
2017-12-13,21:05:00,76.33,76.33,76.26,76.28,8104,0
2017-12-13,21:10:00,76.27,76.29,76.225,76.24,3874,0
2017-12-13,21:15:00,76.23,76.25,76.2,76.22,25024,0
2017-12-13,21:20:00,76.23,76.25,76.21,76.24,12552,0
2017-12-13,21:25:00,76.25,76.29,76.249,76.26,15249,0
2017-12-13,21:30:00,76.26,76.26,76.18,76.18,10398,0
2017-12-13,21:35:00,76.18,76.22,76.18,76.2,8854,0
2017-12-13,21:40:00,76.2,76.23,76.2,76.2163,5927,0
2017-12-13,21:45:00,76.21,76.21,76.18,76.185,3352,0
2017-12-13,21:50:00,76.19,76.24,76.18,76.24,62588,0
2017-12-13,21:55:00,76.23,76.23,76.18,76.19,555691,0
2017-12-13,22:00:00,76.19,76.229,76.16,76.18,90546,0
