Date,Time,Open,High,Low,Close,Volume,OpenInt
2017-11-28,15:35:00,71.32,71.322,71.26,71.26,12084,0
2017-11-28,15:40:00,71.27,71.27,71.24,71.24,5627,0
2017-11-28,15:45:00,71.25,71.26,71.235,71.26,15098,0
2017-11-28,15:50:00,71.269,71.28,71.21,71.22,20804,0
2017-11-28,15:55:00,71.23,71.24,71.22,71.22,5200,0
2017-11-28,16:00:00,71.225,71.23,71.215,71.22,3175,0
2017-11-28,16:05:00,71.215,71.23,71.215,71.22,12030,0
2017-11-28,16:10:00,71.215,71.23,71.215,71.23,4250,0
2017-11-28,16:15:00,71.25,71.26,71.25,71.255,6464,0
2017-11-28,16:20:00,71.26,71.26,71.235,71.24,4152,0
2017-11-28,16:25:00,71.25,71.26,71.245,71.26,10986,0
2017-11-28,16:30:00,71.26,71.28,71.245,71.25,14371,0
2017-11-28,16:35:00,71.25,71.27,71.25,71.27,1200,0
2017-11-28,16:40:00,71.27,71.3,71.27,71.3,13012,0
2017-11-28,16:45:00,71.3,71.32,71.3,71.31,31382,0
2017-11-28,16:50:00,71.32,71.325,71.31,71.31,4959,0
2017-11-28,16:55:00,71.31,71.32,71.3,71.3,1100,0
2017-11-28,17:00:00,71.3,71.31,71.265,71.28,22861,0
2017-11-28,17:05:00,71.28,71.29,71.27,71.288,14411,0
2017-11-28,17:10:00,71.285,71.3,71.285,71.3,5348,0
2017-11-28,17:15:00,71.295,71.3,71.2734,71.2734,2850,0
2017-11-28,17:20:00,71.28,71.28,71.275,71.28,1886,0
2017-11-28,17:25:00,71.275,71.28,71.27,71.28,3200,0
2017-11-28,17:30:00,71.28,71.31,71.275,71.31,3459,0
2017-11-28,17:35:00,71.31,71.34,71.31,71.33,8278,0
2017-11-28,17:40:00,71.335,71.39,71.335,71.388,6407,0
2017-11-28,17:45:00,71.385,71.4,71.38,71.39,14300,0
2017-11-28,17:50:00,71.39,71.39,71.37,71.3868,4178,0
2017-11-28,17:55:00,71.39,71.39,71.38,71.387,3591,0
2017-11-28,18:00:00,71.385,71.4,71.38,71.39,14349,0
2017-11-28,18:05:00,71.4,71.42,71.4,71.41,5051,0
2017-11-28,18:10:00,71.41,71.43,71.41,71.43,8944,0
2017-11-28,18:15:00,71.43,71.465,71.43,71.465,9334,0
2017-11-28,18:20:00,71.47,71.47,71.445,71.47,3842,0
2017-11-28,18:25:00,71.47,71.49,71.47,71.49,17358,0
2017-11-28,18:30:00,71.49,71.5,71.49,71.49,7249,0
2017-11-28,18:35:00,71.485,71.49,71.48,71.48,1500,0
2017-11-28,18:40:00,71.48,71.48,71.465,71.48,11625,0
2017-11-28,18:45:00,71.48,71.48,71.46,71.47,4507,0
2017-11-28,18:50:00,71.47,71.47,71.465,71.47,2650,0
2017-11-28,18:55:00,71.47,71.47,71.46,71.47,3312,0
2017-11-28,19:00:00,71.47,71.52,71.47,71.52,40965,0
2017-11-28,19:05:00,71.52,71.545,71.52,71.54,9453,0
2017-11-28,19:10:00,71.54,71.56,71.535,71.56,17314,0
2017-11-28,19:15:00,71.56,71.56,71.54,71.54,28173,0
2017-11-28,19:20:00,71.54,71.54,71.52,71.52,5309,0
2017-11-28,19:25:00,71.51,71.52,71.46,71.47,12465,0
2017-11-28,19:30:00,71.48,71.49,71.44,71.48,23068,0
2017-11-28,19:35:00,71.487,71.5,71.48,71.4969,2313,0
2017-11-28,19:40:00,71.5,71.5,71.49,71.49,10322,0
2017-11-28,19:45:00,71.48,71.49,71.471,71.48,10703,0
2017-11-28,19:50:00,71.49,71.49,71.45,71.45,1250,0
2017-11-28,19:55:00,71.45,71.45,71.39,71.39,2875,0
2017-11-28,20:00:00,71.39,71.39,71.35,71.36,2780,0
2017-11-28,20:05:00,71.37,71.37,71.31,71.31,9231,0
2017-11-28,20:10:00,71.34,71.39,71.34,71.39,20929,0
2017-11-28,20:15:00,71.4,71.4,71.38,71.39,6500,0
2017-11-28,20:20:00,71.39,71.4,71.38,71.4,7865,0
2017-11-28,20:25:00,71.4,71.42,71.393,71.41,1613,0
2017-11-28,20:30:00,71.42,71.44,71.4101,71.44,17766,0
2017-11-28,20:35:00,71.44,71.47,71.439,71.4535,10683,0
2017-11-28,20:40:00,71.47,71.48,71.47,71.47,20694,0
2017-11-28,20:45:00,71.48,71.52,71.4701,71.52,6285,0
2017-11-28,20:50:00,71.52,71.5301,71.509,71.5101,18726,0
2017-11-28,20:55:00,71.51,71.5501,71.5047,71.5501,11198,0
2017-11-28,21:00:00,71.55,71.56,71.53,71.55,5235,0
2017-11-28,21:05:00,71.55,71.56,71.53,71.56,2426,0
2017-11-28,21:10:00,71.56,71.58,71.55,71.57,4688,0
2017-11-28,21:15:00,71.58,71.61,71.575,71.6,2710,0
2017-11-28,21:20:00,71.6126,71.65,71.61,71.65,5105,0
2017-11-28,21:25:00,71.64,71.66,71.64,71.6408,38940,0
2017-11-28,21:30:00,71.64,71.64,71.6,71.6,4706,0
2017-11-28,21:35:00,71.61,71.61,71.598,71.598,6707,0
2017-11-28,21:40:00,71.595,71.6,71.575,71.58,7691,0
2017-11-28,21:45:00,71.58,71.61,71.58,71.61,4482,0
2017-11-28,21:50:00,71.61,71.62,71.6,71.6,20903,0
2017-11-28,21:55:00,71.6,71.62,71.6,71.6105,37338,0
2017-11-28,22:00:00,71.62,71.65,71.58,71.65,185377,0
2017-11-29,15:35:00,71.66,71.66,71.6,71.6,18798,0
2017-11-29,15:40:00,71.609,71.64,71.591,71.64,14610,0
2017-11-29,15:45:00,71.65,71.68,71.64,71.68,15294,0
2017-11-29,15:50:00,71.685,71.69,71.635,71.635,30222,0
2017-11-29,15:55:00,71.64,71.67,71.637,71.65,143729,0
2017-11-29,16:00:00,71.65,71.705,71.645,71.69,17954,0
2017-11-29,16:05:00,71.69,71.69,71.645,71.65,12414,0
2017-11-29,16:10:00,71.65,71.67,71.64,71.66,9068,0
2017-11-29,16:15:00,71.66,71.685,71.65,71.65,6536,0
2017-11-29,16:20:00,71.645,71.645,71.55,71.55,21664,0
2017-11-29,16:25:00,71.54,71.56,71.51,71.53,15286,0
2017-11-29,16:30:00,71.53,71.545,71.51,71.53,27029,0
2017-11-29,16:35:00,71.54,71.54,71.48,71.51,10128,0
2017-11-29,16:40:00,71.51,71.6,71.51,71.59,18040,0
2017-11-29,16:45:00,71.6,71.61,71.57,71.57,21680,0
2017-11-29,16:50:00,71.57,71.58,71.53,71.555,9581,0
2017-11-29,16:55:00,71.56,71.56,71.495,71.51,4600,0
2017-11-29,17:00:00,71.51,71.53,71.48,71.5,9780,0
2017-11-29,17:05:00,71.51,71.53,71.48,71.52,19711,0
2017-11-29,17:10:00,71.5167,71.53,71.47,71.47,9321,0
2017-11-29,17:15:00,71.47,71.52,71.46,71.4932,11337,0
2017-11-29,17:20:00,71.49,71.49,71.45,71.47,9542,0
2017-11-29,17:25:00,71.47,71.48,71.38,71.38,18332,0
2017-11-29,17:30:00,71.39,71.44,71.3699,71.44,15834,0
2017-11-29,17:35:00,71.43,71.43,71.4,71.415,6229,0
2017-11-29,17:40:00,71.42,71.445,71.42,71.425,17397,0
2017-11-29,17:45:00,71.425,71.425,71.335,71.34,29419,0
2017-11-29,17:50:00,71.34,71.35,71.3199,71.34,28731,0
2017-11-29,17:55:00,71.34,71.35,71.3199,71.33,12974,0
2017-11-29,18:00:00,71.33,71.33,71.2899,71.2999,174671,0
2017-11-29,18:05:00,71.3,71.3,71.26,71.26,6315,0
2017-11-29,18:10:00,71.27,71.31,71.26,71.305,18972,0
2017-11-29,18:15:00,71.31,71.33,71.3,71.31,43011,0
2017-11-29,18:20:00,71.32,71.375,71.3101,71.36,13569,0
2017-11-29,18:25:00,71.37,71.39,71.3699,71.38,3647,0
2017-11-29,18:30:00,71.3885,71.39,71.36,71.36,5705,0
2017-11-29,18:35:00,71.37,71.37,71.34,71.3499,3949,0
2017-11-29,18:40:00,71.35,71.39,71.35,71.39,9229,0
2017-11-29,18:45:00,71.3999,71.43,71.3999,71.4,4676,0
2017-11-29,18:50:00,71.4,71.435,71.4,71.435,3520,0
2017-11-29,18:55:00,71.43,71.43,71.4099,71.4099,6351,0
2017-11-29,19:00:00,71.4,71.42,71.38,71.38,5490,0
2017-11-29,19:05:00,71.39,71.395,71.3699,71.38,10378,0
2017-11-29,19:10:00,71.38,71.38,71.36,71.37,9668,0
2017-11-29,19:15:00,71.365,71.4,71.365,71.39,12933,0
2017-11-29,19:20:00,71.39,71.42,71.39,71.42,5782,0
2017-11-29,19:25:00,71.4149,71.43,71.4149,71.4199,4081,0
2017-11-29,19:30:00,71.42,71.44,71.42,71.42,4300,0
2017-11-29,19:35:00,71.4271,71.43,71.4047,71.4047,6722,0
2017-11-29,19:40:00,71.41,71.41,71.3867,71.39,6005,0
2017-11-29,19:45:00,71.38,71.38,71.36,71.38,7137,0
2017-11-29,19:50:00,71.38,71.39,71.37,71.37,10293,0
2017-11-29,19:55:00,71.38,71.39,71.3469,71.35,5559,0
2017-11-29,20:00:00,71.35,71.37,71.3399,71.36,5183,0
2017-11-29,20:05:00,71.36,71.41,71.36,71.4,22324,0
2017-11-29,20:10:00,71.4,71.41,71.391,71.409,9577,0
2017-11-29,20:15:00,71.41,71.44,71.4099,71.42,10867,0
2017-11-29,20:20:00,71.42,71.43,71.415,71.43,2095,0
2017-11-29,20:25:00,71.425,71.44,71.425,71.4374,4433,0
2017-11-29,20:30:00,71.4356,71.4356,71.4,71.42,10678,0
2017-11-29,20:35:00,71.42,71.425,71.395,71.4,5173,0
2017-11-29,20:40:00,71.405,71.41,71.385,71.385,13233,0
2017-11-29,20:45:00,71.38,71.43,71.38,71.4,29976,0
2017-11-29,20:50:00,71.395,71.405,71.37,71.405,29144,0
2017-11-29,20:55:00,71.4076,71.42,71.4,71.4,14686,0
2017-11-29,21:00:00,71.4001,71.43,71.395,71.395,6480,0
2017-11-29,21:05:00,71.4,71.405,71.38,71.4,9817,0
2017-11-29,21:10:00,71.39,71.395,71.375,71.385,4713,0
2017-11-29,21:15:00,71.385,71.3972,71.36,71.36,6722,0
2017-11-29,21:20:00,71.36,71.37,71.345,71.36,8600,0
2017-11-29,21:25:00,71.36,71.38,71.355,71.37,121751,0
2017-11-29,21:30:00,71.37,71.38,71.37,71.375,156835,0
2017-11-29,21:35:00,71.375,71.4,71.365,71.4,10923,0
2017-11-29,21:40:00,71.4,71.41,71.38,71.385,5937,0
2017-11-29,21:45:00,71.385,71.385,71.36,71.37,8250,0
2017-11-29,21:50:00,71.37,71.39,71.37,71.385,5563,0
2017-11-29,21:55:00,71.39,71.41,71.39,71.41,26970,0
2017-11-29,22:00:00,71.405,71.42,71.38,71.38,60765,0
2017-11-30,15:35:00,71.67,71.67,71.58,71.66,20562,0
2017-11-30,15:40:00,71.65,71.68,71.62,71.62,14728,0
2017-11-30,15:45:00,71.62,71.64,71.6,71.64,8000,0
2017-11-30,15:50:00,71.64,71.6401,71.6,71.605,9397,0
2017-11-30,15:55:00,71.59,71.59,71.535,71.56,10193,0
2017-11-30,16:00:00,71.57,71.615,71.56,71.6,19456,0
2017-11-30,16:05:00,71.6,71.63,71.59,71.63,26346,0
2017-11-30,16:10:00,71.63,71.65,71.63,71.645,1704,0
2017-11-30,16:15:00,71.65,71.7,71.65,71.68,8044,0
2017-11-30,16:20:00,71.6701,71.6701,71.625,71.6501,6054,0
2017-11-30,16:25:00,71.66,71.66,71.63,71.6301,3700,0
2017-11-30,16:30:00,71.64,71.65,71.6257,71.64,7989,0
2017-11-30,16:35:00,71.64,71.64,71.61,71.61,5612,0
2017-11-30,16:40:00,71.61,71.61,71.56,71.57,3908,0
2017-11-30,16:45:00,71.5714,71.6,71.5714,71.6,4580,0
2017-11-30,16:50:00,71.6142,71.63,71.61,71.63,10767,0
2017-11-30,16:55:00,71.625,71.625,71.6,71.61,19195,0
2017-11-30,17:00:00,71.62,71.69,71.62,71.68,7079,0
2017-11-30,17:05:00,71.6743,71.73,71.67,71.7,7437,0
2017-11-30,17:10:00,71.7,71.715,71.69,71.69,3300,0
2017-11-30,17:15:00,71.695,71.71,71.68,71.7,7515,0
2017-11-30,17:20:00,71.72,71.755,71.72,71.74,21838,0
2017-11-30,17:25:00,71.74,71.74,71.665,71.6861,17699,0
2017-11-30,17:30:00,71.67,71.67,71.605,71.62,7764,0
2017-11-30,17:35:00,71.61,71.635,71.5756,71.6,10414,0
2017-11-30,17:40:00,71.59,71.61,71.585,71.61,16429,0
2017-11-30,17:45:00,71.615,71.615,71.58,71.6,4200,0
2017-11-30,17:50:00,71.5901,71.595,71.57,71.595,4101,0
2017-11-30,17:55:00,71.6,71.6,71.5899,71.59,7959,0
2017-11-30,18:00:00,71.595,71.61,71.59,71.61,6306,0
2017-11-30,18:05:00,71.61,71.63,71.61,71.62,14000,0
2017-11-30,18:10:00,71.6134,71.66,71.6134,71.66,6186,0
2017-11-30,18:15:00,71.655,71.7,71.65,71.7,13845,0
2017-11-30,18:20:00,71.71,71.73,71.705,71.72,49998,0
2017-11-30,18:25:00,71.73,71.765,71.73,71.76,119790,0
2017-11-30,18:30:00,71.76,71.76,71.745,71.7553,6395,0
2017-11-30,18:35:00,71.75,71.7899,71.75,71.78,12762,0
2017-11-30,18:40:00,71.77,71.81,71.762,71.8,26043,0
2017-11-30,18:45:00,71.805,71.85,71.795,71.84,195267,0
2017-11-30,18:50:00,71.84,71.89,71.84,71.87,395068,0
2017-11-30,18:55:00,71.86,71.86,71.81,71.81,16684,0
2017-11-30,19:00:00,71.8,71.8,71.765,71.795,13267,0
2017-11-30,19:05:00,71.79,71.85,71.79,71.82,35865,0
2017-11-30,19:10:00,71.825,71.83,71.8,71.8,17804,0
2017-11-30,19:15:00,71.8,71.81,71.787,71.8,26941,0
2017-11-30,19:20:00,71.8,71.8,71.75,71.76,10393,0
2017-11-30,19:25:00,71.76,71.77,71.74,71.74,20254,0
2017-11-30,19:30:00,71.74,71.78,71.74,71.77,16601,0
2017-11-30,19:35:00,71.77,71.77,71.74,71.75,11846,0
2017-11-30,19:40:00,71.75,71.77,71.73,71.73,7045,0
2017-11-30,19:45:00,71.73,71.73,71.69,71.69,10396,0
2017-11-30,19:50:00,71.69,71.71,71.69,71.699,31052,0
2017-11-30,19:55:00,71.69,71.69,71.66,71.6634,5867,0
2017-11-30,20:00:00,71.66,71.7,71.65,71.695,8871,0
2017-11-30,20:05:00,71.7,71.71,71.68,71.69,6873,0
2017-11-30,20:10:00,71.685,71.69,71.66,71.66,10738,0
2017-11-30,20:15:00,71.655,71.7,71.655,71.7,2700,0
2017-11-30,20:20:00,71.69,71.6954,71.68,71.69,5014,0
2017-11-30,20:25:00,71.6899,71.71,71.6899,71.7,130223,0
2017-11-30,20:30:00,71.7,71.7561,71.7,71.7561,23401,0
2017-11-30,20:35:00,71.76,71.76,71.72,71.72,13828,0
2017-11-30,20:40:00,71.72,71.72,71.68,71.69,22940,0
2017-11-30,20:45:00,71.685,71.7,71.6833,71.685,16692,0
2017-11-30,20:50:00,71.6864,71.7,71.68,71.685,27098,0
2017-11-30,20:55:00,71.69,71.695,71.68,71.69,7486,0
2017-11-30,21:00:00,71.69,71.695,71.65,71.665,60417,0
2017-11-30,21:05:00,71.66,71.66,71.625,71.627,15517,0
2017-11-30,21:10:00,71.62,71.62,71.59,71.59,18100,0
2017-11-30,21:15:00,71.59,71.64,71.58,71.635,223761,0
2017-11-30,21:20:00,71.64,71.66,71.6301,71.6351,13995,0
2017-11-30,21:25:00,71.63,71.65,71.62,71.64,29820,0
2017-11-30,21:30:00,71.635,71.66,71.63,71.66,85946,0
2017-11-30,21:35:00,71.665,71.67,71.63,71.64,8848,0
2017-11-30,21:40:00,71.64,71.66,71.58,71.5801,128167,0
2017-11-30,21:45:00,71.59,71.62,71.59,71.6001,9000,0
2017-11-30,21:50:00,71.61,71.71,71.605,71.71,155207,0
2017-11-30,21:55:00,71.74,71.7464,71.69,71.72,539481,0
2017-11-30,22:00:00,71.72,71.73,71.64,71.72,1220681,0
2017-12-01,15:35:00,71.61,71.64,71.495,71.495,103803,0
2017-12-01,15:40:00,71.5,71.53,71.485,71.52,139200,0
2017-12-01,15:45:00,71.52,71.55,71.43,71.43,94649,0
2017-12-01,15:50:00,71.44,71.475,71.43,71.47,46049,0
2017-12-01,15:55:00,71.47,71.505,71.46,71.47,166164,0
2017-12-01,16:00:00,71.48,71.49,71.45,71.485,120388,0
2017-12-01,16:05:00,71.485,71.5,71.44,71.47,262334,0
2017-12-01,16:10:00,71.465,71.53,71.465,71.53,165011,0
2017-12-01,16:15:00,71.53,71.56,71.52,71.56,115661,0
2017-12-01,16:20:00,71.56,71.65,71.555,71.625,75782,0
2017-12-01,16:25:00,71.625,71.64,71.58,71.58,207598,0
2017-12-01,16:30:00,71.585,71.6,71.58,71.6,186134,0
2017-12-01,16:35:00,71.61,71.64,71.585,71.59,171628,0
2017-12-01,16:40:00,71.59,71.6,71.56,71.56,241157,0
2017-12-01,16:45:00,71.57,71.63,71.57,71.6,160155,0
2017-12-01,16:50:00,71.6,71.62,71.59,71.62,44694,0
2017-12-01,16:55:00,71.63,71.66,71.63,71.64,18000,0
2017-12-01,17:00:00,71.645,71.66,71.62,71.62,92214,0
2017-12-01,17:05:00,71.62,71.63,71.61,71.63,60073,0
2017-12-01,17:10:00,71.625,71.63,71.435,71.52,111920,0
2017-12-01,17:15:00,71.51,71.51,71.0475,71.33,218863,0
2017-12-01,17:20:00,71.34,71.4,71.25,71.36,159155,0
2017-12-01,17:25:00,71.37,71.37,71.14,71.155,87383,0
2017-12-01,17:30:00,71.13,71.22,70.97,71.03,134024,0
2017-12-01,17:35:00,71.02,71.15,70.795,71.05,119305,0
2017-12-01,17:40:00,71.05,71.2,71,71.18,195724,0
2017-12-01,17:45:00,71.17,71.24,71.13,71.19,68292,0
2017-12-01,17:50:00,71.18,71.18,71.05,71.07,58835,0
2017-12-01,17:55:00,71.04,71.17,70.97,71.11,64706,0
2017-12-01,18:00:00,71.14,71.24,71.02,71.19,47009,0
2017-12-01,18:05:00,71.26,71.3,71.18,71.3,54173,0
2017-12-01,18:10:00,71.3,71.395,71.25,71.33,51179,0
2017-12-01,18:15:00,71.31,71.34,71.245,71.28,20660,0
2017-12-01,18:20:00,71.3,71.36,71.21,71.26,49429,0
2017-12-01,18:25:00,71.27,71.3,71.24,71.3,18760,0
2017-12-01,18:30:00,71.295,71.31,71.25,71.295,21686,0
2017-12-01,18:35:00,71.3,71.3,71.24,71.24,28340,0
2017-12-01,18:40:00,71.24,71.29,71.24,71.265,35167,0
2017-12-01,18:45:00,71.26,71.32,71.24,71.31,14995,0
2017-12-01,18:50:00,71.33,71.38,71.31,71.37,16873,0
2017-12-01,18:55:00,71.37,71.41,71.36,71.36,27863,0
2017-12-01,19:00:00,71.38,71.41,71.38,71.4,26010,0
2017-12-01,19:05:00,71.4,71.41,71.38,71.39,36727,0
2017-12-01,19:10:00,71.39,71.39,71.35,71.36,38644,0
2017-12-01,19:15:00,71.36,71.4269,71.36,71.4269,27747,0
2017-12-01,19:20:00,71.39,71.41,71.38,71.405,16905,0
2017-12-01,19:25:00,71.41,71.42,71.4,71.42,41343,0
2017-12-01,19:30:00,71.42,71.425,71.41,71.425,15720,0
2017-12-01,19:35:00,71.43,71.48,71.42,71.48,49324,0
2017-12-01,19:40:00,71.49,71.49,71.45,71.47,34180,0
2017-12-01,19:45:00,71.47,71.475,71.425,71.43,50942,0
2017-12-01,19:50:00,71.44,71.44,71.38,71.42,22735,0
2017-12-01,19:55:00,71.415,71.42,71.41,71.41,10378,0
2017-12-01,20:00:00,71.42,71.44,71.42,71.425,3300,0
2017-12-01,20:05:00,71.42,71.46,71.4,71.45,19297,0
2017-12-01,20:10:00,71.45,71.45,71.4,71.42,14109,0
2017-12-01,20:15:00,71.43,71.45,71.425,71.43,17630,0
2017-12-01,20:20:00,71.43,71.45,71.41,71.435,37943,0
2017-12-01,20:25:00,71.43,71.455,71.43,71.44,14476,0
2017-12-01,20:30:00,71.43,71.465,71.425,71.46,60127,0
2017-12-01,20:35:00,71.46,71.47,71.44,71.44,34596,0
2017-12-01,20:40:00,71.44,71.47,71.44,71.45,47956,0
2017-12-01,20:45:00,71.455,71.455,71.41,71.415,37624,0
2017-12-01,20:50:00,71.41,71.42,71.39,71.4,16800,0
2017-12-01,20:55:00,71.4,71.405,71.375,71.405,42651,0
2017-12-01,21:00:00,71.405,71.415,71.385,71.415,43606,0
2017-12-01,21:05:00,71.41,71.41,71.35,71.41,30260,0
2017-12-01,21:10:00,71.41,71.445,71.41,71.435,26473,0
2017-12-01,21:15:00,71.45,71.45,71.42,71.42,26271,0
2017-12-01,21:20:00,71.425,71.45,71.425,71.435,49933,0
2017-12-01,21:25:00,71.44,71.4492,71.435,71.435,42304,0
2017-12-01,21:30:00,71.44,71.46,71.44,71.45,59658,0
2017-12-01,21:35:00,71.45,71.47,71.43,71.44,138704,0
2017-12-01,21:40:00,71.45,71.46,71.43,71.45,214343,0
2017-12-01,21:45:00,71.45,71.53,71.45,71.51,209695,0
2017-12-01,21:50:00,71.51,71.51,71.45,71.48,174169,0
2017-12-01,21:55:00,71.48,71.505,71.47,71.485,179430,0
2017-12-01,22:00:00,71.49,71.54,71.46,71.54,500024,0
2017-12-04,15:35:00,71.88,72.03,71.8765,71.88,44607,0
2017-12-04,15:40:00,71.88,71.91,71.87,71.91,9100,0
2017-12-04,15:45:00,71.93,71.97,71.93,71.95,21151,0
2017-12-04,15:50:00,71.95,71.95,71.895,71.915,74905,0
2017-12-04,15:55:00,71.92,71.93,71.89,71.91,140764,0
2017-12-04,16:00:00,71.9,71.91,71.85,71.86,81385,0
2017-12-04,16:05:00,71.86,71.878,71.85,71.87,25737,0
2017-12-04,16:10:00,71.86,71.8672,71.79,71.815,14508,0
2017-12-04,16:15:00,71.83,71.84,71.79,71.8111,15400,0
2017-12-04,16:20:00,71.81,71.82,71.76,71.785,23192,0
2017-12-04,16:25:00,71.77,71.84,71.76,71.835,14524,0
2017-12-04,16:30:00,71.835,71.835,71.81,71.815,29931,0
2017-12-04,16:35:00,71.82,71.82,71.77,71.78,14686,0
2017-12-04,16:40:00,71.77,71.815,71.77,71.81,6621,0
2017-12-04,16:45:00,71.81,71.81,71.715,71.72,14499,0
2017-12-04,16:50:00,71.7,71.73,71.68,71.7,8253,0
2017-12-04,16:55:00,71.71,71.71,71.6,71.61,20678,0
2017-12-04,17:00:00,71.62,71.65,71.57,71.64,12753,0
2017-12-04,17:05:00,71.64,71.65,71.61,71.63,12329,0
2017-12-04,17:10:00,71.63,71.65,71.62,71.62,9109,0
2017-12-04,17:15:00,71.62,71.65,71.58,71.62,21847,0
2017-12-04,17:20:00,71.61,71.69,71.61,71.69,7649,0
2017-12-04,17:25:00,71.7,71.74,71.7,71.73,13218,0
2017-12-04,17:30:00,71.73,71.735,71.69,71.705,11932,0
2017-12-04,17:35:00,71.71,71.72,71.68,71.68,15679,0
2017-12-04,17:40:00,71.69,71.76,71.69,71.75,30495,0
2017-12-04,17:45:00,71.75,71.7501,71.73,71.73,4138,0
2017-12-04,17:50:00,71.72,71.72,71.69,71.72,4775,0
2017-12-04,17:55:00,71.72,71.74,71.71,71.71,4706,0
2017-12-04,18:00:00,71.7,71.73,71.7,71.72,2300,0
2017-12-04,18:05:00,71.72,71.75,71.72,71.73,3251,0
2017-12-04,18:10:00,71.73,71.75,71.73,71.74,4255,0
2017-12-04,18:15:00,71.74,71.7764,71.725,71.7764,12090,0
2017-12-04,18:20:00,71.77,71.77,71.75,71.75,11593,0
2017-12-04,18:25:00,71.75,71.76,71.7,71.715,157834,0
2017-12-04,18:30:00,71.71,71.72,71.6799,71.69,31054,0
2017-12-04,18:35:00,71.7,71.7,71.655,71.68,7030,0
2017-12-04,18:40:00,71.69,71.69,71.65,71.67,2467,0
2017-12-04,18:45:00,71.68,71.7,71.68,71.6939,19454,0
2017-12-04,18:50:00,71.695,71.73,71.69,71.72,15662,0
2017-12-04,18:55:00,71.73,71.74,71.73,71.73,58771,0
2017-12-04,19:00:00,71.73,71.75,71.725,71.74,15200,0
2017-12-04,19:05:00,71.74,71.76,71.74,71.76,5633,0
2017-12-04,19:10:00,71.76,71.785,71.745,71.745,24653,0
2017-12-04,19:15:00,71.745,71.78,71.745,71.78,4710,0
2017-12-04,19:20:00,71.78,71.78,71.7461,71.76,4959,0
2017-12-04,19:25:00,71.76,71.77,71.76,71.77,1237,0
2017-12-04,19:30:00,71.78,71.79,71.769,71.77,4003,0
2017-12-04,19:35:00,71.76,71.78,71.76,71.78,4469,0
2017-12-04,19:40:00,71.785,71.785,71.775,71.785,5100,0
2017-12-04,19:45:00,71.7801,71.79,71.775,71.79,10933,0
2017-12-04,19:50:00,71.79,71.8,71.765,71.765,10626,0
2017-12-04,19:55:00,71.77,71.77,71.76,71.77,3472,0
2017-12-04,20:00:00,71.775,71.78,71.77,71.7768,3664,0
2017-12-04,20:05:00,71.77,71.77,71.74,71.74,6456,0
2017-12-04,20:10:00,71.74,71.74,71.7,71.7,6886,0
2017-12-04,20:15:00,71.69,71.7,71.68,71.69,8532,0
2017-12-04,20:20:00,71.68,71.695,71.645,71.65,19940,0
2017-12-04,20:25:00,71.65,71.675,71.63,71.63,8468,0
2017-12-04,20:30:00,71.64,71.65,71.62,71.63,9942,0
2017-12-04,20:35:00,71.62,71.62,71.57,71.575,51582,0
2017-12-04,20:40:00,71.58,71.61,71.58,71.61,11362,0
2017-12-04,20:45:00,71.615,71.615,71.565,71.59,11308,0
2017-12-04,20:50:00,71.59,71.61,71.57,71.57,24654,0
2017-12-04,20:55:00,71.565,71.6,71.5536,71.6,19864,0
2017-12-04,21:00:00,71.6,71.6073,71.575,71.59,10738,0
2017-12-04,21:05:00,71.58,71.58,71.54,71.575,53064,0
2017-12-04,21:10:00,71.57,71.585,71.54,71.58,34783,0
2017-12-04,21:15:00,71.58,71.59,71.55,71.55,10982,0
2017-12-04,21:20:00,71.55,71.56,71.53,71.53,10285,0
2017-12-04,21:25:00,71.53,71.57,71.53,71.56,31432,0
2017-12-04,21:30:00,71.565,71.565,71.52,71.529,7744,0
2017-12-04,21:35:00,71.52,71.55,71.49,71.49,17085,0
2017-12-04,21:40:00,71.5,71.5,71.425,71.44,21358,0
2017-12-04,21:45:00,71.43,71.46,71.42,71.44,144036,0
2017-12-04,21:50:00,71.44,71.44,71.38,71.385,221207,0
2017-12-04,21:55:00,71.39,71.43,71.385,71.405,175849,0
2017-12-04,22:00:00,71.4,71.43,71.36,71.36,313105,0
2017-12-05,15:35:00,71.43,71.43,71.35,71.41,61189,0
2017-12-05,15:40:00,71.42,71.43,71.405,71.42,77128,0
2017-12-05,15:45:00,71.415,71.43,71.39,71.41,37684,0
2017-12-05,15:50:00,71.415,71.42,71.37,71.4,53433,0
2017-12-05,15:55:00,71.4,71.41,71.365,71.37,159876,0
2017-12-05,16:00:00,71.365,71.415,71.355,71.36,33292,0
2017-12-05,16:05:00,71.36,71.43,71.36,71.42,41657,0
2017-12-05,16:10:00,71.43,71.43,71.3799,71.39,48136,0
2017-12-05,16:15:00,71.39,71.41,71.37,71.39,83797,0
2017-12-05,16:20:00,71.39,71.45,71.385,71.45,11806,0
2017-12-05,16:25:00,71.46,71.4699,71.44,71.445,7578,0
2017-12-05,16:30:00,71.435,71.47,71.43,71.44,3890,0
2017-12-05,16:35:00,71.43,71.46,71.425,71.45,8625,0
2017-12-05,16:40:00,71.45,71.48,71.42,71.425,13252,0
2017-12-05,16:45:00,71.42,71.46,71.42,71.45,5937,0
2017-12-05,16:50:00,71.4554,71.485,71.445,71.485,18907,0
2017-12-05,16:55:00,71.49,71.49,71.46,71.48,7496,0
2017-12-05,17:00:00,71.47,71.53,71.47,71.53,33057,0
2017-12-05,17:05:00,71.53,71.555,71.53,71.54,24466,0
2017-12-05,17:10:00,71.55,71.56,71.535,71.56,4982,0
2017-12-05,17:15:00,71.56,71.575,71.555,71.56,71466,0
2017-12-05,17:20:00,71.56,71.57,71.5501,71.56,6239,0
2017-12-05,17:25:00,71.55,71.58,71.54,71.565,11656,0
2017-12-05,17:30:00,71.565,71.58,71.56,71.57,7569,0
2017-12-05,17:35:00,71.57,71.58,71.54,71.545,181753,0
2017-12-05,17:40:00,71.545,71.55,71.5,71.51,47588,0
2017-12-05,17:45:00,71.515,71.5375,71.515,71.52,24340,0
2017-12-05,17:50:00,71.525,71.53,71.515,71.5273,17853,0
2017-12-05,17:55:00,71.53,71.53,71.5,71.5,17584,0
2017-12-05,18:00:00,71.49,71.49,71.435,71.45,18889,0
2017-12-05,18:05:00,71.44,71.45,71.38,71.38,31699,0
2017-12-05,18:10:00,71.3878,71.405,71.385,71.4,12905,0
2017-12-05,18:15:00,71.41,71.425,71.41,71.42,9541,0
2017-12-05,18:20:00,71.42,71.43,71.395,71.42,65593,0
2017-12-05,18:25:00,71.41,71.41,71.38,71.39,25269,0
2017-12-05,18:30:00,71.4,71.425,71.4,71.415,10744,0
2017-12-05,18:35:00,71.41,71.44,71.41,71.44,9351,0
2017-12-05,18:40:00,71.44,71.44,71.42,71.425,11644,0
2017-12-05,18:45:00,71.43,71.43,71.405,71.42,30898,0
2017-12-05,18:50:00,71.415,71.43,71.4,71.4,22739,0
2017-12-05,18:55:00,71.4,71.41,71.375,71.38,67932,0
2017-12-05,19:00:00,71.39,71.395,71.34,71.35,8129,0
2017-12-05,19:05:00,71.35,71.36,71.33,71.35,6846,0
2017-12-05,19:10:00,71.355,71.36,71.3301,71.3301,6976,0
2017-12-05,19:15:00,71.3399,71.36,71.335,71.355,8300,0
2017-12-05,19:20:00,71.35,71.37,71.33,71.37,5538,0
2017-12-05,19:25:00,71.37,71.405,71.37,71.39,8838,0
2017-12-05,19:30:00,71.3966,71.3966,71.3701,71.385,4367,0
2017-12-05,19:35:00,71.39,71.4,71.37,71.38,3671,0
2017-12-05,19:40:00,71.37,71.405,71.37,71.38,10594,0
2017-12-05,19:45:00,71.38,71.3899,71.37,71.385,4818,0
2017-12-05,19:50:00,71.38,71.38,71.36,71.37,21716,0
2017-12-05,19:55:00,71.38,71.39,71.365,71.365,7747,0
2017-12-05,20:00:00,71.365,71.375,71.355,71.37,8881,0
2017-12-05,20:05:00,71.38,71.3899,71.37,71.38,7965,0
2017-12-05,20:10:00,71.375,71.395,71.37,71.39,6851,0
2017-12-05,20:15:00,71.39,71.39,71.35,71.35,16766,0
2017-12-05,20:20:00,71.35,71.35,71.3,71.305,10160,0
2017-12-05,20:25:00,71.3,71.305,71.26,71.28,57225,0
2017-12-05,20:30:00,71.29,71.305,71.29,71.29,51538,0
2017-12-05,20:35:00,71.29,71.29,71.2301,71.25,295212,0
2017-12-05,20:40:00,71.245,71.27,71.22,71.23,20563,0
2017-12-05,20:45:00,71.23,71.25,71.225,71.25,7706,0
2017-12-05,20:50:00,71.24,71.24,71.195,71.2,93656,0
2017-12-05,20:55:00,71.21,71.2253,71.18,71.2,36252,0
2017-12-05,21:00:00,71.205,71.209,71.155,71.19,12264,0
2017-12-05,21:05:00,71.19,71.2,71.17,71.195,9136,0
2017-12-05,21:10:00,71.19,71.215,71.18,71.19,7650,0
2017-12-05,21:15:00,71.185,71.2,71.175,71.2,10276,0
2017-12-05,21:20:00,71.2,71.2,71.1334,71.1575,32807,0
2017-12-05,21:25:00,71.16,71.2,71.155,71.2,11039,0
2017-12-05,21:30:00,71.21,71.229,71.205,71.205,45866,0
2017-12-05,21:35:00,71.205,71.209,71.18,71.18,29557,0
2017-12-05,21:40:00,71.175,71.18,71.15,71.15,29187,0
2017-12-05,21:45:00,71.15,71.19,71.14,71.175,15183,0
2017-12-05,21:50:00,71.1634,71.1634,71.11,71.1369,22137,0
2017-12-05,21:55:00,71.13,71.15,71.105,71.12,28020,0
2017-12-05,22:00:00,71.13,71.18,71.13,71.15,145124,0
2017-12-06,15:35:00,71.01,71.01,70.92,70.94,75353,0
2017-12-06,15:40:00,70.93,70.98,70.92,70.98,20372,0
2017-12-06,15:45:00,70.985,71.02,70.98,71,14363,0
2017-12-06,15:50:00,71,71,70.96,70.96,14179,0
2017-12-06,15:55:00,70.96,70.96,70.9043,70.92,5347,0
2017-12-06,16:00:00,70.93,71.02,70.93,70.99,11269,0
2017-12-06,16:05:00,70.995,71.05,70.995,71.018,16226,0
2017-12-06,16:10:00,71.02,71.03,71.01,71.02,18148,0
2017-12-06,16:15:00,71.02,71.02,70.965,70.97,7383,0
2017-12-06,16:20:00,70.975,70.99,70.94,70.96,7834,0
2017-12-06,16:25:00,70.955,70.96,70.93,70.94,17875,0
2017-12-06,16:30:00,70.94,70.96,70.94,70.955,49341,0
2017-12-06,16:35:00,70.96,71,70.96,70.97,21657,0
2017-12-06,16:40:00,70.96,70.97,70.91,70.91,9227,0
2017-12-06,16:45:00,70.93,70.97,70.93,70.95,10352,0
2017-12-06,16:50:00,70.96,71.03,70.96,71.02,10986,0
2017-12-06,16:55:00,71.01,71.04,71.01,71.04,10608,0
2017-12-06,17:00:00,71.03,71.09,71.03,71.08,3948,0
2017-12-06,17:05:00,71.08,71.08,71.06,71.0675,6320,0
2017-12-06,17:10:00,71.07,71.07,71.06,71.0671,2814,0
2017-12-06,17:15:00,71.06,71.06,71.04,71.0571,14912,0
2017-12-06,17:20:00,71.05,71.05,71.015,71.015,4416,0
2017-12-06,17:25:00,71.03,71.09,71.03,71.0469,102541,0
2017-12-06,17:30:00,71.04,71.04,70.98,70.99,66703,0
2017-12-06,17:35:00,70.98,71.01,70.98,70.99,24201,0
2017-12-06,17:40:00,71,71.02,71,71,3849,0
2017-12-06,17:45:00,71.02,71.03,71.005,71.005,7246,0
2017-12-06,17:50:00,71.01,71.03,71.0033,71.01,6666,0
2017-12-06,17:55:00,71.02,71.03,71.01,71.01,5396,0
2017-12-06,18:00:00,71,71,70.97,70.99,5813,0
2017-12-06,18:05:00,70.98,70.98,70.96,70.97,6407,0
2017-12-06,18:10:00,70.97,70.98,70.95,70.9699,3739,0
2017-12-06,18:15:00,70.98,70.9899,70.98,70.98,7607,0
2017-12-06,18:20:00,70.98,70.98,70.93,70.93,22378,0
2017-12-06,18:25:00,70.92,70.9267,70.91,70.91,5516,0
2017-12-06,18:30:00,70.92,70.93,70.92,70.925,1550,0
2017-12-06,18:35:00,70.925,70.95,70.92,70.95,11036,0
2017-12-06,18:40:00,70.95,70.96,70.95,70.955,3841,0
2017-12-06,18:45:00,70.96,70.979,70.96,70.979,1183,0
2017-12-06,18:50:00,70.97,70.99,70.97,70.99,5454,0
2017-12-06,18:55:00,70.99,70.9999,70.98,70.985,12876,0
2017-12-06,19:00:00,70.98,70.9852,70.9775,70.98,8106,0
2017-12-06,19:05:00,70.985,70.99,70.97,70.97,4533,0
2017-12-06,19:10:00,70.97,70.97,70.96,70.96,11704,0
2017-12-06,19:15:00,70.96,70.979,70.96,70.979,10256,0
2017-12-06,19:20:00,70.98,71.01,70.98,70.99,11385,0
2017-12-06,19:25:00,70.98,70.985,70.98,70.98,3426,0
2017-12-06,19:30:00,70.98,71,70.98,70.99,1017,0
2017-12-06,19:35:00,70.997,71.03,70.99,71.03,28991,0
2017-12-06,19:40:00,71.0285,71.04,71.025,71.03,11520,0
2017-12-06,19:45:00,71.04,71.05,71.04,71.04,8539,0
2017-12-06,19:50:00,71.04,71.0569,71.04,71.0507,3700,0
2017-12-06,19:55:00,71.0407,71.065,71.0407,71.0507,3785,0
2017-12-06,20:00:00,71.06,71.06,71.04,71.06,13431,0
2017-12-06,20:05:00,71.05,71.0964,71.05,71.0907,2887,0
2017-12-06,20:10:00,71.09,71.1,71.06,71.06,10147,0
2017-12-06,20:15:00,71.065,71.07,71.05,71.055,7970,0
2017-12-06,20:20:00,71.06,71.085,71.05,71.08,7389,0
2017-12-06,20:25:00,71.08,71.09,71.055,71.0707,6880,0
2017-12-06,20:30:00,71.07,71.08,71.05,71.06,9433,0
2017-12-06,20:35:00,71.06,71.07,71.05,71.0607,12524,0
2017-12-06,20:40:00,71.07,71.1161,71.06,71.085,11692,0
2017-12-06,20:45:00,71.085,71.1,71.085,71.095,54100,0
2017-12-06,20:50:00,71.09,71.0976,71.075,71.075,11421,0
2017-12-06,20:55:00,71.075,71.09,71.06,71.07,7275,0
2017-12-06,21:00:00,71.065,71.08,71.065,71.075,7595,0
2017-12-06,21:05:00,71.07,71.08,71.07,71.075,5649,0
2017-12-06,21:10:00,71.075,71.0972,71.075,71.09,9920,0
2017-12-06,21:15:00,71.1,71.11,71.085,71.095,13566,0
2017-12-06,21:20:00,71.09,71.11,71.08,71.085,18933,0
2017-12-06,21:25:00,71.08,71.09,71.065,71.065,14721,0
2017-12-06,21:30:00,71.07,71.08,71.055,71.06,19059,0
2017-12-06,21:35:00,71.07,71.07,71.02,71.02,30475,0
2017-12-06,21:40:00,71.02,71.03,71,71,58029,0
2017-12-06,21:45:00,71.01,71.02,71,71.02,6796,0
2017-12-06,21:50:00,71.035,71.04,71.03,71.03,6585,0
2017-12-06,21:55:00,71.02,71.02,70.99,71.01,10000,0
2017-12-06,22:00:00,71.01,71.01,70.98,71.01,13558,0
2017-12-07,15:35:00,70.94,70.97,70.91,70.97,91496,0
2017-12-07,15:40:00,70.97,71.035,70.955,71.025,102276,0
2017-12-07,15:45:00,71.03,71.035,70.99,71.01,14411,0
2017-12-07,15:50:00,71.03,71.07,71.025,71.05,26730,0
2017-12-07,15:55:00,71.06,71.075,71.06,71.06,62222,0
2017-12-07,16:00:00,71.067,71.09,71.065,71.09,44569,0
2017-12-07,16:05:00,71.09,71.09,71.04,71.065,20958,0
2017-12-07,16:10:00,71.065,71.08,71.04,71.04,11770,0
2017-12-07,16:15:00,71.05,71.09,71.05,71.07,22202,0
2017-12-07,16:20:00,71.07,71.1,71.05,71.09,27703,0
2017-12-07,16:25:00,71.09,71.12,71.09,71.1,24526,0
2017-12-07,16:30:00,71.11,71.13,71.11,71.11,8593,0
2017-12-07,16:35:00,71.118,71.15,71.118,71.15,4547,0
2017-12-07,16:40:00,71.14,71.17,71.14,71.17,11897,0
2017-12-07,16:45:00,71.17,71.17,71.15,71.16,7096,0
2017-12-07,16:50:00,71.1668,71.18,71.1507,71.17,5825,0
2017-12-07,16:55:00,71.18,71.18,71.17,71.18,7254,0
2017-12-07,17:00:00,71.18,71.2,71.18,71.195,22332,0
2017-12-07,17:05:00,71.2,71.21,71.18,71.18,29052,0
2017-12-07,17:10:00,71.17,71.18,71.13,71.13,5574,0
2017-12-07,17:15:00,71.11,71.1399,71.11,71.13,12603,0
2017-12-07,17:20:00,71.13,71.13,71.1,71.13,3638,0
2017-12-07,17:25:00,71.1144,71.155,71.1144,71.15,5996,0
2017-12-07,17:30:00,71.15,71.2,71.15,71.2,3600,0
2017-12-07,17:35:00,71.21,71.25,71.205,71.2468,9407,0
2017-12-07,17:40:00,71.25,71.27,71.25,71.25,9839,0
2017-12-07,17:45:00,71.26,71.27,71.24,71.2418,125269,0
2017-12-07,17:50:00,71.2439,71.25,71.23,71.2324,16086,0
2017-12-07,17:55:00,71.23,71.24,71.23,71.23,14640,0
2017-12-07,18:00:00,71.24,71.26,71.23,71.25,13166,0
2017-12-07,18:05:00,71.25,71.25,71.22,71.22,32541,0
2017-12-07,18:10:00,71.22,71.22,71.21,71.22,17213,0
2017-12-07,18:15:00,71.22,71.23,71.21,71.23,10776,0
2017-12-07,18:20:00,71.23,71.235,71.22,71.23,12331,0
2017-12-07,18:25:00,71.24,71.255,71.225,71.225,32444,0
2017-12-07,18:30:00,71.225,71.23,71.21,71.225,11884,0
2017-12-07,18:35:00,71.225,71.24,71.225,71.23,8960,0
2017-12-07,18:40:00,71.23,71.255,71.225,71.25,10256,0
2017-12-07,18:45:00,71.25,71.26,71.25,71.25,13600,0
2017-12-07,18:50:00,71.255,71.255,71.23,71.255,16943,0
2017-12-07,18:55:00,71.255,71.2666,71.25,71.26,13080,0
2017-12-07,19:00:00,71.265,71.28,71.26,71.275,17105,0
2017-12-07,19:05:00,71.28,71.305,71.2468,71.25,26323,0
2017-12-07,19:10:00,71.25,71.26,71.24,71.25,7146,0
2017-12-07,19:15:00,71.255,71.26,71.245,71.245,13373,0
2017-12-07,19:20:00,71.24,71.25,71.235,71.2499,15996,0
2017-12-07,19:25:00,71.24,71.255,71.23,71.255,35794,0
2017-12-07,19:30:00,71.27,71.29,71.27,71.28,5886,0
2017-12-07,19:35:00,71.28,71.29,71.27,71.29,26156,0
2017-12-07,19:40:00,71.2866,71.29,71.28,71.29,7581,0
2017-12-07,19:45:00,71.29,71.29,71.27,71.28,26957,0
2017-12-07,19:50:00,71.27,71.27,71.24,71.25,12440,0
2017-12-07,19:55:00,71.24,71.24,71.215,71.22,21969,0
2017-12-07,20:00:00,71.23,71.25,71.23,71.25,11626,0
2017-12-07,20:05:00,71.245,71.255,71.23,71.25,23491,0
2017-12-07,20:10:00,71.24,71.24,71.23,71.24,10742,0
2017-12-07,20:15:00,71.235,71.235,71.2,71.21,20749,0
2017-12-07,20:20:00,71.2028,71.225,71.2,71.2163,9088,0
2017-12-07,20:25:00,71.2199,71.22,71.195,71.2001,33802,0
2017-12-07,20:30:00,71.205,71.205,71.17,71.17,17055,0
2017-12-07,20:35:00,71.17,71.17,71.145,71.15,19553,0
2017-12-07,20:40:00,71.15,71.15,71.13,71.13,13106,0
2017-12-07,20:45:00,71.13,71.13,71.11,71.115,22758,0
2017-12-07,20:50:00,71.11,71.14,71.09,71.13,30645,0
2017-12-07,20:55:00,71.14,71.155,71.14,71.145,16999,0
2017-12-07,21:00:00,71.145,71.145,71.13,71.14,9900,0
2017-12-07,21:05:00,71.15,71.16,71.14,71.16,99513,0
2017-12-07,21:10:00,71.165,71.165,71.135,71.135,25428,0
2017-12-07,21:15:00,71.13,71.145,71.125,71.145,13541,0
2017-12-07,21:20:00,71.15,71.16,71.15,71.155,12816,0
2017-12-07,21:25:00,71.15,71.19,71.13,71.175,18839,0
2017-12-07,21:30:00,71.18,71.2,71.17,71.18,16347,0
2017-12-07,21:35:00,71.185,71.19,71.165,71.185,34904,0
2017-12-07,21:40:00,71.19,71.2,71.19,71.2,11207,0
2017-12-07,21:45:00,71.2,71.2,71.17,71.187,24736,0
2017-12-07,21:50:00,71.18,71.18,71.16,71.16,32539,0
2017-12-07,21:55:00,71.16,71.18,71.14,71.17,38440,0
2017-12-07,22:00:00,71.17,71.2,71.15,71.2,102236,0
2017-12-08,15:35:00,71.58,71.599,71.5,71.56,24506,0
2017-12-08,15:40:00,71.56,71.56,71.51,71.52,4600,0
2017-12-08,15:45:00,71.52,71.5256,71.51,71.5256,7700,0
2017-12-08,15:50:00,71.52,71.52,71.5,71.5,1700,0
2017-12-08,15:55:00,71.49,71.525,71.49,71.525,8554,0
2017-12-08,16:00:00,71.525,71.535,71.51,71.52,15686,0
2017-12-08,16:05:00,71.52,71.52,71.49,71.49,6110,0
2017-12-08,16:10:00,71.49,71.5,71.48,71.4925,5303,0
2017-12-08,16:15:00,71.47,71.47,71.44,71.44,2400,0
2017-12-08,16:20:00,71.44,71.44,71.41,71.43,1100,0
2017-12-08,16:25:00,71.4362,71.4369,71.4268,71.4369,1775,0
2017-12-08,16:30:00,71.44,71.45,71.43,71.43,6523,0
2017-12-08,16:35:00,71.45,71.4672,71.45,71.46,6308,0
2017-12-08,16:40:00,71.46,71.47,71.45,71.47,10338,0
2017-12-08,16:45:00,71.465,71.5,71.46,71.5,10083,0
2017-12-08,16:50:00,71.49,71.5,71.475,71.485,1458,0
2017-12-08,16:55:00,71.48,71.4899,71.47,71.475,26943,0
2017-12-08,17:00:00,71.4807,71.5,71.4807,71.5,1259,0
2017-12-08,17:05:00,71.51,71.515,71.51,71.515,4200,0
2017-12-08,17:10:00,71.52,71.5201,71.52,71.52,8180,0
2017-12-08,17:15:00,71.52,71.52,71.51,71.515,7828,0
2017-12-08,17:20:00,71.52,71.535,71.52,71.535,800,0
2017-12-08,17:25:00,71.5399,71.5399,71.53,71.53,4275,0
2017-12-08,17:30:00,71.53,71.53,71.47,71.475,3890,0
2017-12-08,17:35:00,71.47,71.475,71.44,71.44,13413,0
2017-12-08,17:40:00,71.43,71.489,71.43,71.489,3890,0
2017-12-08,17:45:00,71.49,71.515,71.49,71.51,11517,0
2017-12-08,17:50:00,71.51,71.53,71.51,71.53,20500,0
2017-12-08,17:55:00,71.53,71.55,71.53,71.53,31724,0
2017-12-08,18:00:00,71.525,71.525,71.51,71.515,17393,0
2017-12-08,18:05:00,71.511,71.52,71.51,71.52,9584,0
2017-12-08,18:10:00,71.52,71.55,71.52,71.55,7218,0
2017-12-08,18:15:00,71.55,71.565,71.55,71.565,1213,0
2017-12-08,18:20:00,71.56,71.58,71.56,71.58,850,0
2017-12-08,18:25:00,71.58,71.58,71.5738,71.578,4832,0
2017-12-08,18:30:00,71.575,71.62,71.5741,71.61,24714,0
2017-12-08,18:35:00,71.605,71.62,71.605,71.62,7692,0
2017-12-08,18:40:00,71.61,71.61,71.61,71.61,120,0
2017-12-08,18:45:00,71.6,71.61,71.6,71.61,702,0
2017-12-08,18:50:00,71.615,71.62,71.592,71.6,33667,0
2017-12-08,18:55:00,71.605,71.605,71.5962,71.6,1237,0
2017-12-08,19:00:00,71.5966,71.5966,71.57,71.5735,2405,0
2017-12-08,19:05:00,71.57,71.59,71.565,71.5861,43690,0
2017-12-08,19:10:00,71.59,71.6,71.59,71.59,69889,0
2017-12-08,19:15:00,71.59,71.6068,71.59,71.6,4575,0
2017-12-08,19:20:00,71.59,71.6168,71.59,71.6168,4081,0
2017-12-08,19:25:00,71.62,71.62,71.6069,71.62,3948,0
2017-12-08,19:30:00,71.61,71.61,71.601,71.61,3852,0
2017-12-08,19:35:00,71.61,71.6167,71.6,71.6,2094,0
2017-12-08,19:40:00,71.605,71.61,71.6,71.6099,4434,0
2017-12-08,19:45:00,71.61,71.619,71.6,71.605,8014,0
2017-12-08,19:50:00,71.6,71.6,71.59,71.59,5041,0
2017-12-08,19:55:00,71.59,71.59,71.5838,71.589,2608,0
2017-12-08,20:00:00,71.59,71.6,71.5843,71.6,2072,0
2017-12-08,20:05:00,71.6,71.6,71.5931,71.6,1439,0
2017-12-08,20:10:00,71.605,71.605,71.6,71.605,1115,0
2017-12-08,20:15:00,71.6,71.6,71.57,71.57,2184,0
2017-12-08,20:20:00,71.57,71.5769,71.565,71.57,4050,0
2017-12-08,20:25:00,71.56,71.56,71.53,71.53,59294,0
2017-12-08,20:30:00,71.54,71.56,71.54,71.555,2763,0
2017-12-08,20:35:00,71.55,71.55,71.5201,71.55,12558,0
2017-12-08,20:40:00,71.55,71.565,71.545,71.565,11063,0
2017-12-08,20:45:00,71.56,71.565,71.555,71.56,2121,0
2017-12-08,20:50:00,71.56,71.56,71.55,71.56,60778,0
2017-12-08,20:55:00,71.555,71.57,71.55,71.565,4868,0
2017-12-08,21:00:00,71.565,71.565,71.5416,71.55,4347,0
2017-12-08,21:05:00,71.555,71.57,71.555,71.56,7067,0
2017-12-08,21:10:00,71.565,71.565,71.555,71.565,7423,0
2017-12-08,21:15:00,71.5662,71.58,71.56,71.565,49773,0
2017-12-08,21:20:00,71.5673,71.5673,71.535,71.555,15472,0
2017-12-08,21:25:00,71.56,71.585,71.56,71.58,2100,0
2017-12-08,21:30:00,71.58,71.58,71.565,71.58,86275,0
2017-12-08,21:35:00,71.575,71.585,71.56,71.56,26794,0
2017-12-08,21:40:00,71.565,71.57,71.555,71.57,26408,0
2017-12-08,21:45:00,71.57,71.58,71.555,71.57,47721,0
2017-12-08,21:50:00,71.5529,71.575,71.54,71.545,45508,0
2017-12-08,21:55:00,71.55,71.5899,71.55,71.5899,76175,0
2017-12-08,22:00:00,71.59,71.62,71.57,71.61,21318,0
2017-12-11,15:35:00,71.66,71.72,71.66,71.68,15471,0
2017-12-11,15:40:00,71.69,71.71,71.69,71.695,49751,0
2017-12-11,15:45:00,71.69,71.718,71.69,71.71,17117,0
2017-12-11,15:50:00,71.73,71.73,71.705,71.705,7698,0
2017-12-11,15:55:00,71.71,71.745,71.71,71.745,12485,0
2017-12-11,16:00:00,71.735,71.79,71.72,71.79,14390,0
2017-12-11,16:05:00,71.795,71.809,71.785,71.8,13236,0
2017-12-11,16:10:00,71.8,71.81,71.785,71.81,14065,0
2017-12-11,16:15:00,71.82,71.82,71.8,71.8,5834,0
2017-12-11,16:20:00,71.79,71.79,71.77,71.77,8840,0
2017-12-11,16:25:00,71.76,71.76,71.74,71.75,8407,0
2017-12-11,16:30:00,71.75,71.7566,71.74,71.74,7788,0
2017-12-11,16:35:00,71.74,71.77,71.74,71.77,7365,0
2017-12-11,16:40:00,71.765,71.785,71.7633,71.77,8916,0
2017-12-11,16:45:00,71.78,71.785,71.77,71.77,9454,0
2017-12-11,16:50:00,71.77,71.777,71.77,71.775,1982,0
2017-12-11,16:55:00,71.7701,71.7753,71.76,71.77,2312,0
2017-12-11,17:00:00,71.7701,71.7701,71.72,71.72,1823,0
2017-12-11,17:05:00,71.73,71.74,71.72,71.7232,7495,0
2017-12-11,17:10:00,71.73,71.74,71.7244,71.725,2566,0
2017-12-11,17:15:00,71.725,71.74,71.72,71.74,2529,0
2017-12-11,17:20:00,71.74,71.7669,71.74,71.76,1668,0
2017-12-11,17:25:00,71.77,71.77,71.75,71.76,5339,0
2017-12-11,17:30:00,71.77,71.77,71.76,71.76,500,0
2017-12-11,17:35:00,71.76,71.77,71.75,71.76,6226,0
2017-12-11,17:40:00,71.77,71.7744,71.77,71.77,3008,0
2017-12-11,17:45:00,71.78,71.78,71.77,71.77,1300,0
2017-12-11,17:50:00,71.76,71.7601,71.755,71.76,4462,0
2017-12-11,17:55:00,71.76,71.78,71.7569,71.776,12080,0
2017-12-11,18:00:00,71.77,71.7801,71.76,71.76,45134,0
2017-12-11,18:05:00,71.77,71.78,71.76,71.775,21154,0
2017-12-11,18:10:00,71.775,71.8,71.77,71.8,26318,0
2017-12-11,18:15:00,71.795,71.8,71.79,71.791,4653,0
2017-12-11,18:20:00,71.795,71.795,71.79,71.795,10673,0
2017-12-11,18:25:00,71.785,71.785,71.77,71.78,4506,0
2017-12-11,18:30:00,71.7954,71.7954,71.785,71.795,1463,0
2017-12-11,18:35:00,71.8,71.805,71.8,71.8,400,0
2017-12-11,18:40:00,71.8064,71.815,71.8,71.81,6380,0
2017-12-11,18:45:00,71.81,71.8179,71.81,71.8179,3305,0
2017-12-11,18:50:00,71.82,71.83,71.8,71.805,6101,0
2017-12-11,18:55:00,71.8,71.81,71.79,71.81,7426,0
2017-12-11,19:00:00,71.8059,71.82,71.8001,71.815,15912,0
2017-12-11,19:05:00,71.82,71.82,71.8,71.8,2600,0
2017-12-11,19:10:00,71.805,71.83,71.8001,71.82,4019,0
2017-12-11,19:15:00,71.83,71.835,71.81,71.81,5614,0
2017-12-11,19:20:00,71.81,71.82,71.81,71.82,15622,0
2017-12-11,19:25:00,71.82,71.82,71.795,71.8,3043,0
2017-12-11,19:30:00,71.8069,71.8069,71.8,71.8,4769,0
2017-12-11,19:35:00,71.795,71.8,71.79,71.79,3475,0
2017-12-11,19:40:00,71.795,71.8,71.79,71.795,15348,0
2017-12-11,19:45:00,71.795,71.805,71.7859,71.805,10382,0
2017-12-11,19:50:00,71.8,71.8071,71.8,71.8,3284,0
2017-12-11,19:55:00,71.8,71.81,71.8,71.81,5707,0
2017-12-11,20:00:00,71.81,71.83,71.81,71.82,9339,0
2017-12-11,20:05:00,71.82,71.83,71.82,71.83,18062,0
2017-12-11,20:10:00,71.825,71.83,71.815,71.83,19794,0
2017-12-11,20:15:00,71.83,71.84,71.825,71.84,41165,0
2017-12-11,20:20:00,71.84,71.84,71.825,71.835,63934,0
2017-12-11,20:25:00,71.835,71.85,71.83,71.845,79930,0
2017-12-11,20:30:00,71.845,71.8462,71.825,71.825,97759,0
2017-12-11,20:35:00,71.825,71.83,71.82,71.825,68644,0
2017-12-11,20:40:00,71.825,71.83,71.81,71.825,69904,0
2017-12-11,20:45:00,71.825,71.83,71.82,71.825,50524,0
2017-12-11,20:50:00,71.825,71.825,71.81,71.815,72700,0
2017-12-11,20:55:00,71.815,71.82,71.799,71.815,73384,0
2017-12-11,21:00:00,71.815,71.82,71.8,71.82,58287,0
2017-12-11,21:05:00,71.815,71.82,71.8,71.805,45998,0
2017-12-11,21:10:00,71.805,71.82,71.805,71.81,56642,0
2017-12-11,21:15:00,71.805,71.82,71.8,71.8199,90602,0
2017-12-11,21:20:00,71.82,71.82,71.79,71.79,183003,0
2017-12-11,21:25:00,71.79,71.79,71.78,71.79,113943,0
2017-12-11,21:30:00,71.79,71.795,71.7701,71.79,162759,0
2017-12-11,21:35:00,71.79,71.8,71.785,71.795,84557,0
2017-12-11,21:40:00,71.8,71.81,71.795,71.805,139514,0
2017-12-11,21:45:00,71.805,71.81,71.79,71.8,137305,0
2017-12-11,21:50:00,71.8,71.83,71.8,71.83,189448,0
2017-12-11,21:55:00,71.83,71.86,71.83,71.855,328573,0
2017-12-11,22:00:00,71.855,71.89,71.85,71.88,682772,0
2017-12-12,15:35:00,71.79,71.82,71.78,71.79,27063,0
2017-12-12,15:40:00,71.78,71.7869,71.75,71.775,17375,0
2017-12-12,15:45:00,71.77,71.795,71.77,71.79,22490,0
2017-12-12,15:50:00,71.8,71.8,71.755,71.76,27943,0
2017-12-12,15:55:00,71.76,71.77,71.75,71.77,27631,0
2017-12-12,16:00:00,71.77,71.81,71.77,71.81,19006,0
2017-12-12,16:05:00,71.82,71.83,71.81,71.81,15802,0
2017-12-12,16:10:00,71.8,71.835,71.797,71.83,38675,0
2017-12-12,16:15:00,71.83,71.83,71.82,71.83,6660,0
2017-12-12,16:20:00,71.82,71.84,71.81,71.83,20818,0
2017-12-12,16:25:00,71.84,71.84,71.8301,71.84,7912,0
2017-12-12,16:30:00,71.835,71.835,71.81,71.81,15831,0
2017-12-12,16:35:00,71.81,71.82,71.79,71.82,8659,0
2017-12-12,16:40:00,71.82,71.82,71.8,71.81,5401,0
2017-12-12,16:45:00,71.81,71.81,71.8,71.8,4650,0
2017-12-12,16:50:00,71.81,71.8253,71.805,71.82,5980,0
2017-12-12,16:55:00,71.83,71.85,71.824,71.85,4456,0
2017-12-12,17:00:00,71.85,71.86,71.83,71.83,8005,0
2017-12-12,17:05:00,71.83,71.84,71.825,71.83,9915,0
2017-12-12,17:10:00,71.8268,71.84,71.825,71.84,8312,0
2017-12-12,17:15:00,71.84,71.86,71.835,71.85,7796,0
2017-12-12,17:20:00,71.8471,71.8472,71.83,71.84,9327,0
2017-12-12,17:25:00,71.8466,71.85,71.83,71.84,5841,0
2017-12-12,17:30:00,71.835,71.89,71.835,71.89,15341,0
2017-12-12,17:35:00,71.9,71.915,71.895,71.915,10124,0
2017-12-12,17:40:00,71.915,71.93,71.885,71.9,8368,0
2017-12-12,17:45:00,71.8965,71.91,71.895,71.895,6507,0
2017-12-12,17:50:00,71.895,71.91,71.8947,71.9,46764,0
2017-12-12,17:55:00,71.9,71.9,71.875,71.89,18914,0
2017-12-12,18:00:00,71.89,71.9,71.88,71.895,50724,0
2017-12-12,18:05:00,71.89,71.9,71.885,71.898,28984,0
2017-12-12,18:10:00,71.895,71.91,71.885,71.91,19558,0
2017-12-12,18:15:00,71.91,71.93,71.895,71.93,17685,0
2017-12-12,18:20:00,71.93,71.93,71.915,71.92,5480,0
2017-12-12,18:25:00,71.92,71.93,71.915,71.93,9558,0
2017-12-12,18:30:00,71.9271,71.93,71.87,71.885,15851,0
2017-12-12,18:35:00,71.88,71.915,71.88,71.91,11497,0
2017-12-12,18:40:00,71.9,71.91,71.88,71.88,6097,0
2017-12-12,18:45:00,71.89,71.9,71.88,71.89,9031,0
2017-12-12,18:50:00,71.89,71.9,71.875,71.875,16122,0
2017-12-12,18:55:00,71.8799,71.9,71.8799,71.9,10309,0
2017-12-12,19:00:00,71.8969,71.9,71.8948,71.9,2350,0
2017-12-12,19:05:00,71.9,71.91,71.879,71.88,12176,0
2017-12-12,19:10:00,71.88,71.9,71.88,71.9,14821,0
2017-12-12,19:15:00,71.9,71.92,71.9,71.92,23210,0
2017-12-12,19:20:00,71.92,71.9274,71.91,71.915,11347,0
2017-12-12,19:25:00,71.92,71.93,71.91,71.915,5346,0
2017-12-12,19:30:00,71.9158,71.92,71.9,71.91,12217,0
2017-12-12,19:35:00,71.91,71.91,71.89,71.9,3722,0
2017-12-12,19:40:00,71.89,71.91,71.89,71.91,11000,0
2017-12-12,19:45:00,71.91,71.92,71.905,71.905,4250,0
2017-12-12,19:50:00,71.91,71.915,71.88,71.883,17725,0
2017-12-12,19:55:00,71.88,71.89,71.88,71.88,4444,0
2017-12-12,20:00:00,71.87,71.88,71.86,71.87,15067,0
2017-12-12,20:05:00,71.88,71.89,71.855,71.89,50897,0
2017-12-12,20:10:00,71.89,71.9,71.89,71.9,24050,0
2017-12-12,20:15:00,71.8926,71.92,71.8926,71.91,14578,0
2017-12-12,20:20:00,71.915,71.935,71.915,71.9248,70718,0
2017-12-12,20:25:00,71.925,71.93,71.92,71.925,9003,0
2017-12-12,20:30:00,71.93,71.94,71.92,71.94,9376,0
2017-12-12,20:35:00,71.94,71.95,71.935,71.94,7870,0
2017-12-12,20:40:00,71.94,71.95,71.935,71.945,7900,0
2017-12-12,20:45:00,71.94,71.945,71.933,71.94,5712,0
2017-12-12,20:50:00,71.94,71.95,71.925,71.94,28366,0
2017-12-12,20:55:00,71.94,71.965,71.94,71.96,16029,0
2017-12-12,21:00:00,71.955,71.97,71.955,71.955,12040,0
2017-12-12,21:05:00,71.955,71.96,71.945,71.945,12066,0
2017-12-12,21:10:00,71.945,71.95,71.94,71.94,6351,0
2017-12-12,21:15:00,71.94,71.95,71.94,71.945,4332,0
2017-12-12,21:20:00,71.94,71.9575,71.94,71.947,23116,0
2017-12-12,21:25:00,71.94,71.95,71.93,71.95,40949,0
2017-12-12,21:30:00,71.94,71.96,71.94,71.9455,16789,0
2017-12-12,21:35:00,71.945,71.9587,71.94,71.945,53823,0
2017-12-12,21:40:00,71.95,71.95,71.92,71.935,93242,0
2017-12-12,21:45:00,71.93,71.93,71.9,71.915,171087,0
2017-12-12,21:50:00,71.91,71.92,71.89,71.91,113721,0
2017-12-12,21:55:00,71.9,71.9,71.87,71.87,13784,0
2017-12-12,22:00:00,71.88,71.895,71.86,71.88,81083,0
2017-12-13,15:35:00,72.04,72.085,72,72.08,17980,0
2017-12-13,15:40:00,72.085,72.09,72.06,72.09,16345,0
2017-12-13,15:45:00,72.09,72.1,72.07,72.07,5687,0
2017-12-13,15:50:00,72.08,72.09,72.075,72.09,4477,0
2017-12-13,15:55:00,72.08,72.1,72.08,72.1,5650,0
2017-12-13,16:00:00,72.1031,72.11,72.0931,72.11,9804,0
2017-12-13,16:05:00,72.11,72.11,72.1,72.1,5714,0
2017-12-13,16:10:00,72.1,72.1,72.065,72.07,11471,0
2017-12-13,16:15:00,72.07,72.09,72.06,72.08,5372,0
2017-12-13,16:20:00,72.08,72.08,72.065,72.065,9419,0
2017-12-13,16:25:00,72.06,72.08,72.06,72.07,106053,0
2017-12-13,16:30:00,72.06,72.09,72.06,72.09,54180,0
2017-12-13,16:35:00,72.09,72.1,72.08,72.09,34303,0
2017-12-13,16:40:00,72.0868,72.11,72.0868,72.11,8759,0
2017-12-13,16:45:00,72.1,72.12,72.09,72.11,9396,0
2017-12-13,16:50:00,72.105,72.11,72.08,72.1,14832,0
2017-12-13,16:55:00,72.09,72.12,72.09,72.12,5243,0
2017-12-13,17:00:00,72.115,72.125,72.11,72.1244,18513,0
2017-12-13,17:05:00,72.12,72.1266,72.105,72.1266,9119,0
2017-12-13,17:10:00,72.12,72.1369,72.1172,72.1369,33066,0
2017-12-13,17:15:00,72.14,72.14,72.126,72.126,5369,0
2017-12-13,17:20:00,72.1275,72.13,72.12,72.125,4711,0
2017-12-13,17:25:00,72.12,72.14,72.12,72.14,9150,0
2017-12-13,17:30:00,72.1462,72.1468,72.1171,72.1171,7884,0
2017-12-13,17:35:00,72.12,72.14,72.1166,72.13,5732,0
2017-12-13,17:40:00,72.12,72.12,72.1,72.1,5056,0
2017-12-13,17:45:00,72.1001,72.1048,72.09,72.0972,4332,0
2017-12-13,17:50:00,72.095,72.12,72.09,72.12,8638,0
2017-12-13,17:55:00,72.13,72.13,72.1,72.12,9492,0
2017-12-13,18:00:00,72.12,72.1269,72.11,72.11,2589,0
2017-12-13,18:05:00,72.11,72.11,72.04,72.04,15659,0
2017-12-13,18:10:00,72.03,72.05,72.03,72.03,181590,0
2017-12-13,18:15:00,72.03,72.05,72.02,72.02,200352,0
2017-12-13,18:20:00,72.02,72.03,72.01,72.02,69153,0
2017-12-13,18:25:00,72.03,72.06,72.03,72.06,6901,0
2017-12-13,18:30:00,72.06,72.07,72.05,72.06,8081,0
2017-12-13,18:35:00,72.06,72.065,72.06,72.06,50700,0
2017-12-13,18:40:00,72.06,72.0665,72.01,72.0166,24610,0
2017-12-13,18:45:00,72.01,72.015,71.9952,72.01,22713,0
2017-12-13,18:50:00,72.02,72.03,71.995,72.02,9847,0
2017-12-13,18:55:00,72.015,72.03,72.015,72.029,21716,0
2017-12-13,19:00:00,72.025,72.025,72.01,72.01,30362,0
2017-12-13,19:05:00,72.015,72.029,72.01,72.02,4000,0
2017-12-13,19:10:00,72.02,72.03,72.01,72.02,12561,0
2017-12-13,19:15:00,72.02,72.02,72.01,72.015,8710,0
2017-12-13,19:20:00,72.0169,72.0169,71.99,72.005,9066,0
2017-12-13,19:25:00,72.005,72.03,72,72.02,5214,0
2017-12-13,19:30:00,72.0248,72.04,72.02,72.02,11829,0
2017-12-13,19:35:00,72.03,72.03,71.99,71.99,5725,0
2017-12-13,19:40:00,71.99,72.0173,71.985,72.0101,5289,0
2017-12-13,19:45:00,72.01,72.02,72,72.01,7334,0
2017-12-13,19:50:00,72.02,72.04,72.02,72.03,72529,0
2017-12-13,19:55:00,72.03,72.05,72.02,72.03,11975,0
2017-12-13,20:00:00,72.03,72.05,72.02,72.05,16970,0
2017-12-13,20:05:00,72.05,72.2,72.05,72.12,61010,0
2017-12-13,20:10:00,72.09,72.12,72.08,72.115,6557,0
2017-12-13,20:15:00,72.115,72.115,72.07,72.09,15110,0
2017-12-13,20:20:00,72.09,72.12,72.09,72.12,3932,0
2017-12-13,20:25:00,72.12,72.12,72.085,72.1,6550,0
2017-12-13,20:30:00,72.101,72.13,72.101,72.13,4176,0
2017-12-13,20:35:00,72.12,72.16,72.115,72.16,6264,0
2017-12-13,20:40:00,72.16,72.16,72.131,72.15,15288,0
2017-12-13,20:45:00,72.146,72.15,72.13,72.15,6626,0
2017-12-13,20:50:00,72.14,72.16,72.14,72.16,4096,0
2017-12-13,20:55:00,72.18,72.199,72.1732,72.199,31572,0
2017-12-13,21:00:00,72.19,72.225,72.18,72.22,41284,0
2017-12-13,21:05:00,72.22,72.22,72.19,72.19,20151,0
2017-12-13,21:10:00,72.19,72.19,72.14,72.145,37383,0
2017-12-13,21:15:00,72.145,72.17,72.145,72.17,11901,0
2017-12-13,21:20:00,72.17,72.17,72.14,72.16,23232,0
2017-12-13,21:25:00,72.17,72.19,72.15,72.155,16445,0
2017-12-13,21:30:00,72.15,72.15,72.1,72.1,9874,0
2017-12-13,21:35:00,72.09,72.13,72.09,72.12,12101,0
2017-12-13,21:40:00,72.13,72.14,72.12,72.13,10208,0
2017-12-13,21:45:00,72.13,72.13,72.1,72.11,7514,0
2017-12-13,21:50:00,72.11,72.11,72.095,72.1038,18359,0
2017-12-13,21:55:00,72.1,72.1,72.03,72.03,23494,0
2017-12-13,22:00:00,72.04,72.059,72.025,72.05,101753,0
