Date,Time,Open,High,Low,Close,Volume,OpenInt
2017-11-27,15:35:00,49.95,49.96,49.93,49.9386,5939,0
2017-11-27,15:40:00,49.915,49.9299,49.9,49.9299,7692,0
2017-11-27,15:45:00,49.92,49.92,49.901,49.92,4158,0
2017-11-27,15:50:00,49.92,49.92,49.91,49.9186,6200,0
2017-11-27,15:55:00,49.91,49.92,49.9,49.92,1703,0
2017-11-27,16:00:00,49.9,49.9,49.9,49.9,800,0
2017-11-27,16:05:00,49.8902,49.8902,49.87,49.87,3280,0
2017-11-27,16:10:00,49.87,49.8725,49.86,49.87,11030,0
2017-11-27,16:15:00,49.87,49.89,49.87,49.87,44663,0
2017-11-27,16:20:00,49.88,49.89,49.88,49.89,6092,0
2017-11-27,16:25:00,49.89,49.89,49.86,49.86,1900,0
2017-11-27,16:30:00,49.865,49.88,49.865,49.8724,2030,0
2017-11-27,16:35:00,49.8768,49.88,49.8768,49.88,318,0
2017-11-27,16:40:00,49.8623,49.8623,49.86,49.86,734,0
2017-11-27,16:45:00,49.87,49.8884,49.86,49.8884,1200,0
2017-11-27,16:50:00,49.88,49.89,49.87,49.87,1566,0
2017-11-27,16:55:00,49.87,49.88,49.86,49.86,11419,0
2017-11-27,17:00:00,49.86,49.876,49.86,49.87,5247,0
2017-11-27,17:05:00,49.87,49.8899,49.864,49.88,3555,0
2017-11-27,17:10:00,49.8701,49.89,49.8701,49.89,604,0
2017-11-27,17:15:00,49.87,49.87,49.84,49.84,5605,0
2017-11-27,17:20:00,49.84,49.85,49.81,49.81,10001,0
2017-11-27,17:25:00,49.81,49.81,49.8,49.8,543,0
2017-11-27,17:30:00,49.8,49.8,49.745,49.745,4500,0
2017-11-27,17:35:00,49.75,49.77,49.75,49.76,3193,0
2017-11-27,17:40:00,49.76,49.77,49.7362,49.74,1934,0
2017-11-27,17:45:00,49.75,49.75,49.73,49.74,2873,0
2017-11-27,17:50:00,49.75,49.76,49.75,49.76,11560,0
2017-11-27,17:55:00,49.76,49.76,49.75,49.75,27636,0
2017-11-27,18:00:00,49.75,49.75,49.7204,49.73,7604,0
2017-11-27,18:05:00,49.735,49.735,49.725,49.7292,7300,0
2017-11-27,18:10:00,49.73,49.735,49.7226,49.735,1322,0
2017-11-27,18:15:00,49.7268,49.745,49.7268,49.74,12600,0
2017-11-27,18:20:00,49.73,49.74,49.725,49.735,4412,0
2017-11-27,18:25:00,49.74,49.755,49.735,49.7547,18835,0
2017-11-27,18:30:00,49.75,49.75,49.74,49.74,34666,0
2017-11-27,18:35:00,49.74,49.7401,49.72,49.73,4002,0
2017-11-27,18:40:00,49.725,49.725,49.715,49.715,680,0
2017-11-27,18:45:00,49.71,49.719,49.7,49.7,27227,0
2017-11-27,18:50:00,49.7099,49.71,49.7099,49.71,1099,0
2017-11-27,18:55:00,49.7148,49.73,49.7148,49.72,1250,0
2017-11-27,19:00:00,49.7336,49.74,49.72,49.72,4335,0
2017-11-27,19:05:00,49.7499,49.7499,49.74,49.745,5243,0
2017-11-27,19:10:00,49.744,49.7466,49.744,49.7466,1330,0
2017-11-27,19:15:00,49.7499,49.76,49.7466,49.75,9642,0
2017-11-27,19:20:00,49.7402,49.7402,49.7402,49.7402,1075,0
2017-11-27,19:30:00,49.76,49.76,49.7599,49.7599,318,0
2017-11-27,19:35:00,49.7566,49.7566,49.75,49.75,810,0
2017-11-27,19:40:00,49.7467,49.7524,49.73,49.7524,1673,0
2017-11-27,19:45:00,49.74,49.7442,49.74,49.7442,620,0
2017-11-27,19:50:00,49.759,49.759,49.75,49.75,4170,0
2017-11-27,19:55:00,49.75,49.7564,49.745,49.7456,1896,0
2017-11-27,20:00:00,49.75,49.75,49.75,49.75,200,0
2017-11-27,20:05:00,49.7499,49.7499,49.74,49.7461,2210,0
2017-11-27,20:10:00,49.74,49.75,49.74,49.75,3800,0
2017-11-27,20:15:00,49.75,49.75,49.7437,49.7499,458,0
2017-11-27,20:20:00,49.74,49.75,49.74,49.74,16181,0
2017-11-27,20:25:00,49.74,49.74,49.725,49.73,1880,0
2017-11-27,20:30:00,49.73,49.74,49.73,49.73,1300,0
2017-11-27,20:35:00,49.73,49.735,49.725,49.725,17972,0
2017-11-27,20:40:00,49.73,49.74,49.72,49.74,13212,0
2017-11-27,20:45:00,49.73,49.73,49.73,49.73,1200,0
2017-11-27,20:50:00,49.73,49.73,49.73,49.73,1100,0
2017-11-27,21:00:00,49.72,49.73,49.72,49.73,900,0
2017-11-27,21:05:00,49.73,49.74,49.73,49.74,9191,0
2017-11-27,21:10:00,49.72,49.73,49.72,49.73,4058,0
2017-11-27,21:15:00,49.73,49.73,49.73,49.73,1272,0
2017-11-27,21:20:00,49.7275,49.73,49.72,49.728,8669,0
2017-11-27,21:25:00,49.7262,49.73,49.72,49.721,1846,0
2017-11-27,21:30:00,49.725,49.7275,49.72,49.72,30513,0
2017-11-27,21:35:00,49.72,49.72,49.72,49.72,8000,0
2017-11-27,21:40:00,49.72,49.72,49.7148,49.72,16635,0
2017-11-27,21:45:00,49.72,49.72,49.71,49.72,15061,0
2017-11-27,21:50:00,49.72,49.72,49.715,49.715,623,0
2017-11-27,21:55:00,49.72,49.72,49.7034,49.7034,6281,0
2017-11-27,22:00:00,49.71,49.71,49.67,49.67,30038,0
2017-11-28,15:35:00,49.9,49.9,49.84,49.8604,28367,0
2017-11-28,15:40:00,49.8275,49.83,49.82,49.82,2553,0
2017-11-28,15:45:00,49.83,49.83,49.81,49.81,4450,0
2017-11-28,15:50:00,49.82,49.82,49.7867,49.79,9265,0
2017-11-28,15:55:00,49.8,49.8,49.7859,49.79,8142,0
2017-11-28,16:00:00,49.77,49.78,49.77,49.7768,1100,0
2017-11-28,16:05:00,49.76,49.77,49.76,49.77,1100,0
2017-11-28,16:10:00,49.77,49.79,49.77,49.785,14434,0
2017-11-28,16:15:00,49.7937,49.8,49.78,49.79,15939,0
2017-11-28,16:25:00,49.78,49.8,49.78,49.8,14319,0
2017-11-28,16:30:00,49.81,49.81,49.8066,49.8066,1850,0
2017-11-28,16:35:00,49.81,49.8254,49.81,49.8254,3862,0
2017-11-28,16:40:00,49.82,49.83,49.82,49.83,5100,0
2017-11-28,16:45:00,49.84,49.86,49.8353,49.85,7501,0
2017-11-28,16:50:00,49.87,49.87,49.85,49.85,3420,0
2017-11-28,16:55:00,49.86,49.86,49.85,49.86,3650,0
2017-11-28,17:00:00,49.84,49.84,49.7994,49.8,5798,0
2017-11-28,17:05:00,49.796,49.815,49.796,49.815,6020,0
2017-11-28,17:10:00,49.819,49.83,49.819,49.8206,2407,0
2017-11-28,17:15:00,49.81,49.81,49.81,49.81,100,0
2017-11-28,17:20:00,49.801,49.8067,49.7902,49.7902,4275,0
2017-11-28,17:25:00,49.795,49.7971,49.795,49.7971,1006,0
2017-11-28,17:30:00,49.8,49.84,49.8,49.84,1904,0
2017-11-28,17:35:00,49.8401,49.86,49.8401,49.86,500,0
2017-11-28,17:40:00,49.88,49.89,49.88,49.89,600,0
2017-11-28,17:45:00,49.8856,49.8865,49.8856,49.8865,350,0
2017-11-28,17:50:00,49.8841,49.8841,49.8767,49.8767,1795,0
2017-11-28,17:55:00,49.88,49.88,49.87,49.87,1986,0
2017-11-28,18:00:00,49.8838,49.89,49.88,49.88,1964,0
2017-11-28,18:05:00,49.885,49.89,49.885,49.89,200,0
2017-11-28,18:10:00,49.89,49.9,49.89,49.89,5300,0
2017-11-28,18:15:00,49.92,49.95,49.92,49.95,400,0
2017-11-28,18:20:00,49.94,49.94,49.92,49.92,835,0
2017-11-28,18:25:00,49.935,49.95,49.9301,49.95,1551,0
2017-11-28,18:30:00,49.9401,49.9599,49.9401,49.9599,2116,0
2017-11-28,18:35:00,49.96,49.9667,49.9536,49.96,6104,0
2017-11-28,18:40:00,49.95,49.95,49.9476,49.95,7900,0
2017-11-28,18:45:00,49.945,49.95,49.94,49.95,17500,0
2017-11-28,18:50:00,49.95,49.95,49.94,49.95,6200,0
2017-11-28,18:55:00,49.94,49.94,49.935,49.935,700,0
2017-11-28,19:00:00,49.93,49.95,49.93,49.95,2520,0
2017-11-28,19:05:00,49.97,49.99,49.969,49.98,6328,0
2017-11-28,19:10:00,49.9943,49.9943,49.9868,49.9868,466,0
2017-11-28,19:15:00,49.98,49.99,49.9799,49.987,3442,0
2017-11-28,19:20:00,49.98,49.98,49.98,49.98,100,0
2017-11-28,19:25:00,49.935,49.96,49.92,49.925,26600,0
2017-11-28,19:30:00,49.93,49.94,49.91,49.93,8224,0
2017-11-28,19:35:00,49.93,49.94,49.925,49.94,3900,0
2017-11-28,19:40:00,49.95,49.95,49.93,49.94,2246,0
2017-11-28,19:45:00,49.9265,49.9342,49.9265,49.9342,400,0
2017-11-28,19:50:00,49.93,49.94,49.9299,49.94,1327,0
2017-11-28,19:55:00,49.9199,49.9199,49.88,49.88,910,0
2017-11-28,20:00:00,49.86,49.87,49.86,49.865,4800,0
2017-11-28,20:05:00,49.86,49.8695,49.83,49.8499,5386,0
2017-11-28,20:10:00,49.8425,49.87,49.8425,49.87,14077,0
2017-11-28,20:15:00,49.87,49.88,49.8635,49.8635,4193,0
2017-11-28,20:20:00,49.8844,49.8844,49.8844,49.8844,1500,0
2017-11-28,20:25:00,49.8762,49.8762,49.871,49.871,1086,0
2017-11-28,20:30:00,49.9,49.9,49.89,49.9,16378,0
2017-11-28,20:35:00,49.891,49.9169,49.891,49.9169,2635,0
2017-11-28,20:40:00,49.91,49.93,49.91,49.927,6792,0
2017-11-28,20:45:00,49.92,49.93,49.92,49.93,550,0
2017-11-28,20:50:00,49.94,49.94,49.91,49.91,6411,0
2017-11-28,20:55:00,49.9062,49.93,49.9062,49.93,6185,0
2017-11-28,21:00:00,49.92,49.93,49.92,49.93,400,0
2017-11-28,21:05:00,49.9204,49.95,49.92,49.931,22472,0
2017-11-28,21:10:00,49.9338,49.94,49.9338,49.94,688,0
2017-11-28,21:15:00,49.94,49.95,49.94,49.94,1062,0
2017-11-28,21:20:00,49.95,49.97,49.95,49.97,10648,0
2017-11-28,21:25:00,49.977,49.9899,49.97,49.98,2919,0
2017-11-28,21:30:00,49.9598,49.9598,49.9598,49.9598,150,0
2017-11-28,21:35:00,49.97,49.97,49.95,49.9562,2830,0
2017-11-28,21:40:00,49.9657,49.9657,49.95,49.9516,5754,0
2017-11-28,21:45:00,49.9499,49.95,49.9499,49.95,2337,0
2017-11-28,21:50:00,49.95,49.96,49.93,49.93,5300,0
2017-11-28,21:55:00,49.92,49.95,49.92,49.94,4600,0
2017-11-28,22:00:00,49.935,49.94,49.905,49.94,66006,0
2017-11-29,15:35:00,49.94,49.94,49.87,49.87,329412,0
2017-11-29,15:40:00,49.86,49.88,49.85,49.88,54949,0
2017-11-29,15:45:00,49.85,49.88,49.85,49.86,409741,0
2017-11-29,15:50:00,49.87,49.87,49.85,49.85,9806,0
2017-11-29,15:55:00,49.84,49.84,49.82,49.825,4557,0
2017-11-29,16:00:00,49.825,49.85,49.825,49.83,120705,0
2017-11-29,16:05:00,49.82,49.8218,49.82,49.8218,350,0
2017-11-29,16:10:00,49.82,49.839,49.82,49.839,3200,0
2017-11-29,16:15:00,49.85,49.85,49.84,49.85,1835,0
2017-11-29,16:20:00,49.83,49.83,49.76,49.77,453630,0
2017-11-29,16:25:00,49.76,49.7661,49.76,49.76,466,0
2017-11-29,16:30:00,49.76,49.76,49.73,49.74,11233,0
2017-11-29,16:35:00,49.74,49.749,49.71,49.71,18539,0
2017-11-29,16:40:00,49.72,49.78,49.72,49.78,5453,0
2017-11-29,16:45:00,49.77,49.7824,49.76,49.76,2502,0
2017-11-29,16:50:00,49.76,49.7671,49.74,49.74,3296,0
2017-11-29,16:55:00,49.7399,49.7399,49.72,49.72,710,0
2017-11-29,17:00:00,49.7351,49.7351,49.7174,49.7174,1873,0
2017-11-29,17:05:00,49.72,49.74,49.72,49.74,18903,0
2017-11-29,17:10:00,49.74,49.74,49.7134,49.72,7112,0
2017-11-29,17:15:00,49.69,49.7298,49.69,49.7001,8230,0
2017-11-29,17:20:00,49.7,49.7,49.66,49.67,5477,0
2017-11-29,17:25:00,49.67,49.67,49.61,49.61,6401,0
2017-11-29,17:30:00,49.62,49.65,49.62,49.645,4920,0
2017-11-29,17:35:00,49.6435,49.645,49.63,49.63,14150,0
2017-11-29,17:40:00,49.64,49.65,49.64,49.64,109748,0
2017-11-29,17:45:00,49.645,49.645,49.58,49.58,107866,0
2017-11-29,17:55:00,49.575,49.58,49.56,49.565,9192,0
2017-11-29,18:00:00,49.56,49.56,49.53,49.5424,6211,0
2017-11-29,18:05:00,49.5397,49.54,49.51,49.51,910,0
2017-11-29,18:10:00,49.4954,49.52,49.4954,49.52,4300,0
2017-11-29,18:20:00,49.54,49.575,49.54,49.575,1086,0
2017-11-29,18:25:00,49.58,49.6,49.58,49.59,35213,0
2017-11-29,18:30:00,49.595,49.6054,49.59,49.59,1467,0
2017-11-29,18:35:00,49.58,49.58,49.57,49.57,3245,0
2017-11-29,18:40:00,49.5798,49.6,49.5798,49.6,22787,0
2017-11-29,18:45:00,49.61,49.61,49.61,49.61,466,0
2017-11-29,18:50:00,49.6299,49.6299,49.6299,49.6299,109,0
2017-11-29,18:55:00,49.6232,49.6232,49.6232,49.6232,404,0
2017-11-29,19:00:00,49.61,49.61,49.5978,49.5978,13648,0
2017-11-29,19:05:00,49.59,49.5978,49.59,49.5978,2800,0
2017-11-29,19:10:00,49.59,49.59,49.59,49.59,1200,0
2017-11-29,19:15:00,49.6,49.615,49.6,49.615,1038,0
2017-11-29,19:20:00,49.6143,49.62,49.6143,49.62,943,0
2017-11-29,19:25:00,49.625,49.625,49.62,49.62,200,0
2017-11-29,19:30:00,49.629,49.63,49.629,49.63,1437,0
2017-11-29,19:35:00,49.62,49.62,49.62,49.62,100,0
2017-11-29,19:40:00,49.62,49.62,49.61,49.61,299,0
2017-11-29,19:45:00,49.6,49.6,49.6,49.6,1700,0
2017-11-29,19:50:00,49.6,49.6,49.6,49.6,200,0
2017-11-29,19:55:00,49.6087,49.6087,49.582,49.582,1713,0
2017-11-29,20:00:00,49.581,49.581,49.581,49.581,100,0
2017-11-29,20:05:00,49.61,49.6268,49.61,49.6268,2850,0
2017-11-29,20:10:00,49.6237,49.63,49.61,49.6297,9245,0
2017-11-29,20:15:00,49.6268,49.64,49.6268,49.6372,17676,0
2017-11-29,20:20:00,49.64,49.64,49.635,49.64,500,0
2017-11-29,20:25:00,49.6498,49.65,49.645,49.65,1023,0
2017-11-29,20:30:00,49.65,49.65,49.6316,49.64,30717,0
2017-11-29,20:35:00,49.64,49.65,49.63,49.63,3246,0
2017-11-29,20:40:00,49.63,49.64,49.6299,49.63,3543,0
2017-11-29,20:45:00,49.63,49.65,49.63,49.63,46642,0
2017-11-29,20:50:00,49.62,49.625,49.62,49.62,4929,0
2017-11-29,20:55:00,49.62,49.62,49.62,49.62,3200,0
2017-11-29,21:00:00,49.6301,49.6301,49.6209,49.6209,3413,0
2017-11-29,21:05:00,49.62,49.62,49.62,49.62,500,0
2017-11-29,21:10:00,49.62,49.6206,49.61,49.61,600,0
2017-11-29,21:15:00,49.62,49.62,49.6,49.6,1294,0
2017-11-29,21:20:00,49.6,49.6,49.5899,49.59,7531,0
2017-11-29,21:25:00,49.6,49.6,49.592,49.592,6600,0
2017-11-29,21:30:00,49.61,49.61,49.59,49.59,4891,0
2017-11-29,21:35:00,49.59,49.59,49.585,49.59,9356,0
2017-11-29,21:40:00,49.61,49.61,49.59,49.59,5075,0
2017-11-29,21:45:00,49.5867,49.6,49.58,49.58,16657,0
2017-11-29,21:50:00,49.59,49.6,49.58,49.59,17001,0
2017-11-29,21:55:00,49.59,49.615,49.59,49.6,58423,0
2017-11-29,22:00:00,49.6,49.61,49.58,49.58,26726,0
2017-11-30,15:35:00,49.7,49.7,49.641,49.641,6514,0
2017-11-30,15:40:00,49.69,49.7,49.69,49.69,944,0
2017-11-30,15:45:00,49.65,49.69,49.65,49.6786,1848,0
2017-11-30,15:50:00,49.69,49.69,49.64,49.65,750,0
2017-11-30,15:55:00,49.6258,49.6258,49.6,49.6183,8763,0
2017-11-30,16:00:00,49.62,49.63,49.62,49.63,1000,0
2017-11-30,16:05:00,49.64,49.64,49.64,49.64,300,0
2017-11-30,16:10:00,49.6899,49.69,49.68,49.68,3800,0
2017-11-30,16:15:00,49.73,49.73,49.71,49.71,500,0
2017-11-30,16:20:00,49.7,49.7,49.67,49.68,1161,0
2017-11-30,16:25:00,49.7199,49.7199,49.7,49.7,1585,0
2017-11-30,16:30:00,49.69,49.69,49.69,49.69,500,0
2017-11-30,16:35:00,49.68,49.69,49.67,49.67,7380,0
2017-11-30,16:40:00,49.67,49.67,49.64,49.64,1585,0
2017-11-30,16:45:00,49.66,49.66,49.655,49.655,400,0
2017-11-30,16:50:00,49.68,49.683,49.66,49.683,1370,0
2017-11-30,16:55:00,49.67,49.679,49.65,49.66,2450,0
2017-11-30,17:00:00,49.67,49.7,49.6601,49.69,5193,0
2017-11-30,17:05:00,49.68,49.7,49.67,49.67,103816,0
2017-11-30,17:10:00,49.67,49.68,49.67,49.67,1529,0
2017-11-30,17:15:00,49.66,49.66,49.65,49.65,10183,0
2017-11-30,17:20:00,49.66,49.7,49.66,49.68,10570,0
2017-11-30,17:25:00,49.65,49.65,49.6157,49.63,3803,0
2017-11-30,17:30:00,49.61,49.61,49.5649,49.5649,19103,0
2017-11-30,17:35:00,49.56,49.575,49.53,49.55,24584,0
2017-11-30,17:40:00,49.54,49.56,49.54,49.56,4212,0
2017-11-30,17:45:00,49.55,49.55,49.5499,49.5499,345,0
2017-11-30,17:50:00,49.528,49.54,49.528,49.5399,4066,0
2017-11-30,17:55:00,49.54,49.555,49.54,49.555,7808,0
2017-11-30,18:00:00,49.53,49.5301,49.523,49.5301,4954,0
2017-11-30,18:05:00,49.54,49.5438,49.54,49.5438,600,0
2017-11-30,18:10:00,49.55,49.56,49.55,49.55,58599,0
2017-11-30,18:15:00,49.57,49.59,49.57,49.58,16120,0
2017-11-30,18:20:00,49.59,49.5999,49.59,49.5999,6431,0
2017-11-30,18:25:00,49.5999,49.5999,49.59,49.59,654,0
2017-11-30,18:30:00,49.5929,49.5929,49.5868,49.59,2172,0
2017-11-30,18:35:00,49.59,49.6,49.57,49.59,33543,0
2017-11-30,18:40:00,49.59,49.6,49.58,49.6,30222,0
2017-11-30,18:45:00,49.6064,49.62,49.6,49.62,22952,0
2017-11-30,18:55:00,49.6062,49.6062,49.59,49.59,1634,0
2017-11-30,19:00:00,49.59,49.59,49.56,49.58,3041,0
2017-11-30,19:05:00,49.59,49.6062,49.59,49.5924,1311,0
2017-11-30,19:10:00,49.6,49.6,49.5967,49.5968,2202,0
2017-11-30,19:15:00,49.5962,49.6,49.5962,49.6,250,0
2017-11-30,19:20:00,49.59,49.59,49.5768,49.5768,923,0
2017-11-30,19:25:00,49.59,49.598,49.58,49.58,11655,0
2017-11-30,19:35:00,49.59,49.59,49.59,49.59,149,0
2017-11-30,19:40:00,49.6,49.6,49.6,49.6,112,0
2017-11-30,19:45:00,49.5855,49.5855,49.56,49.56,1171,0
2017-11-30,19:50:00,49.5575,49.5799,49.5575,49.56,4349,0
2017-11-30,19:55:00,49.56,49.56,49.5466,49.55,15821,0
2017-11-30,20:00:00,49.532,49.532,49.532,49.532,407,0
2017-11-30,20:05:00,49.57,49.57,49.55,49.55,958,0
2017-11-30,20:10:00,49.56,49.56,49.56,49.56,101,0
2017-11-30,20:15:00,49.55,49.569,49.55,49.565,2467,0
2017-11-30,20:20:00,49.56,49.56,49.56,49.56,400,0
2017-11-30,20:25:00,49.57,49.57,49.57,49.57,1448,0
2017-11-30,20:30:00,49.57,49.59,49.5601,49.58,5094,0
2017-11-30,20:35:00,49.6,49.6,49.57,49.57,26178,0
2017-11-30,20:40:00,49.57,49.57,49.56,49.56,1700,0
2017-11-30,20:45:00,49.55,49.577,49.55,49.577,1252,0
2017-11-30,20:50:00,49.55,49.55,49.55,49.55,101,0
2017-11-30,20:55:00,49.55,49.56,49.55,49.5547,9587,0
2017-11-30,21:00:00,49.56,49.56,49.54,49.55,7673,0
2017-11-30,21:05:00,49.55,49.56,49.545,49.55,10295,0
2017-11-30,21:10:00,49.54,49.54,49.53,49.535,17000,0
2017-11-30,21:15:00,49.53,49.55,49.53,49.55,49358,0
2017-11-30,21:25:00,49.54,49.56,49.54,49.54,14329,0
2017-11-30,21:30:00,49.54,49.5536,49.5368,49.549,1418,0
2017-11-30,21:35:00,49.54,49.55,49.5,49.5,5100,0
2017-11-30,21:40:00,49.5003,49.5329,49.48,49.48,7719,0
2017-11-30,21:45:00,49.48,49.5,49.48,49.49,3065,0
2017-11-30,21:50:00,49.5,49.54,49.48,49.54,26867,0
2017-11-30,21:55:00,49.55,49.56,49.5,49.53,49092,0
2017-11-30,22:00:00,49.51,49.52,49.49,49.49,59461,0
2017-12-01,15:35:00,49.33,49.385,49.33,49.359,8781,0
2017-12-01,15:40:00,49.34,49.35,49.34,49.35,590,0
2017-12-01,15:45:00,49.36,49.36,49.31,49.32,2740,0
2017-12-01,15:50:00,49.3,49.32,49.29,49.32,3000,0
2017-12-01,15:55:00,49.32,49.33,49.31,49.31,2466,0
2017-12-01,16:00:00,49.32,49.3251,49.32,49.3251,994,0
2017-12-01,16:05:00,49.33,49.36,49.32,49.34,1933,0
2017-12-01,16:10:00,49.3452,49.3452,49.34,49.34,629,0
2017-12-01,16:15:00,49.38,49.4,49.38,49.4,500,0
2017-12-01,16:20:00,49.42,49.44,49.42,49.44,4007,0
2017-12-01,16:25:00,49.43,49.44,49.42,49.42,10878,0
2017-12-01,16:30:00,49.43,49.4407,49.43,49.438,359,0
2017-12-01,16:35:00,49.426,49.4571,49.426,49.44,3930,0
2017-12-01,16:40:00,49.43,49.44,49.43,49.43,7090,0
2017-12-01,16:45:00,49.44,49.4603,49.44,49.45,814,0
2017-12-01,16:50:00,49.4393,49.4497,49.4393,49.4497,1216,0
2017-12-01,16:55:00,49.4749,49.49,49.4749,49.48,4328,0
2017-12-01,17:00:00,49.487,49.487,49.487,49.487,200,0
2017-12-01,17:05:00,49.45,49.457,49.45,49.45,1208,0
2017-12-01,17:10:00,49.42,49.45,49.41,49.45,39986,0
2017-12-01,17:15:00,49.43,49.43,49.225,49.38,71271,0
2017-12-01,17:20:00,49.4,49.4,49.33,49.36,4800,0
2017-12-01,17:25:00,49.38,49.38,49.31,49.32,7403,0
2017-12-01,17:30:00,49.316,49.37,49.25,49.28,25174,0
2017-12-01,17:35:00,49.27,49.28,49.11,49.22,14328,0
2017-12-01,17:40:00,49.2699,49.2699,49.21,49.25,7753,0
2017-12-01,17:45:00,49.28,49.28,49.24,49.25,2014,0
2017-12-01,17:50:00,49.24,49.24,49.2,49.202,5924,0
2017-12-01,17:55:00,49.19,49.23,49.18,49.185,19109,0
2017-12-01,18:00:00,49.22,49.26,49.15,49.26,8435,0
2017-12-01,18:05:00,49.243,49.31,49.243,49.31,10244,0
2017-12-01,18:10:00,49.31,49.387,49.3,49.3,1600,0
2017-12-01,18:15:00,49.336,49.336,49.29,49.29,1733,0
2017-12-01,18:20:00,49.31,49.31,49.2868,49.2868,2982,0
2017-12-01,18:25:00,49.28,49.29,49.2742,49.29,3664,0
2017-12-01,18:30:00,49.29,49.29,49.29,49.29,100,0
2017-12-01,18:35:00,49.29,49.29,49.26,49.2813,5645,0
2017-12-01,18:40:00,49.276,49.29,49.276,49.29,931,0
2017-12-01,18:45:00,49.28,49.3275,49.28,49.3275,2157,0
2017-12-01,18:50:00,49.33,49.35,49.3243,49.35,496,0
2017-12-01,18:55:00,49.36,49.3752,49.351,49.3752,653,0
2017-12-01,19:00:00,49.36,49.38,49.36,49.38,9932,0
2017-12-01,19:05:00,49.36,49.3699,49.35,49.35,1030,0
2017-12-01,19:10:00,49.37,49.37,49.36,49.36,1010,0
2017-12-01,19:15:00,49.34,49.368,49.34,49.363,2720,0
2017-12-01,19:20:00,49.3506,49.3506,49.3506,49.3506,319,0
2017-12-01,19:25:00,49.36,49.36,49.36,49.36,500,0
2017-12-01,19:30:00,49.36,49.36,49.34,49.36,5661,0
2017-12-01,19:35:00,49.3501,49.37,49.3501,49.37,3325,0
2017-12-01,19:40:00,49.37,49.38,49.36,49.37,4297,0
2017-12-01,19:45:00,49.3568,49.36,49.3568,49.36,961,0
2017-12-01,19:50:00,49.3567,49.3567,49.3325,49.3325,1579,0
2017-12-01,19:55:00,49.3312,49.35,49.3312,49.35,3659,0
2017-12-01,20:00:00,49.35,49.3686,49.35,49.35,1605,0
2017-12-01,20:05:00,49.3678,49.379,49.3678,49.379,1119,0
2017-12-01,20:10:00,49.3799,49.3799,49.34,49.34,21730,0
2017-12-01,20:15:00,49.3599,49.3599,49.3599,49.3599,210,0
2017-12-01,20:20:00,49.35,49.3766,49.35,49.3766,3585,0
2017-12-01,20:25:00,49.372,49.372,49.37,49.37,528,0
2017-12-01,20:30:00,49.37,49.4,49.37,49.39,43587,0
2017-12-01,20:35:00,49.3867,49.3867,49.37,49.37,1967,0
2017-12-01,20:40:00,49.37,49.39,49.37,49.38,1000,0
2017-12-01,20:45:00,49.38,49.39,49.36,49.38,800,0
2017-12-01,21:00:00,49.38,49.38,49.3514,49.369,9764,0
2017-12-01,21:05:00,49.36,49.36,49.3401,49.3401,518,0
2017-12-01,21:15:00,49.3708,49.3708,49.3667,49.3667,1696,0
2017-12-01,21:20:00,49.36,49.36,49.36,49.36,800,0
2017-12-01,21:25:00,49.3699,49.3699,49.3597,49.3597,1064,0
2017-12-01,21:30:00,49.38,49.3803,49.38,49.3803,22654,0
2017-12-01,21:35:00,49.37,49.39,49.37,49.3818,10329,0
2017-12-01,21:40:00,49.39,49.4,49.3876,49.3876,1460,0
2017-12-01,21:45:00,49.38,49.43,49.38,49.429,2252,0
2017-12-01,21:50:00,49.41,49.41,49.39,49.39,500,0
2017-12-01,22:00:00,49.385,49.39,49.36,49.39,122293,0
2017-12-04,15:35:00,49.61,49.61,49.53,49.53,6666,0
2017-12-04,15:40:00,49.54,49.5766,49.54,49.5766,1092,0
2017-12-04,15:45:00,49.588,49.588,49.56,49.57,1837,0
2017-12-04,15:50:00,49.58,49.58,49.55,49.55,9907,0
2017-12-04,15:55:00,49.56,49.56,49.5416,49.5492,6863,0
2017-12-04,16:00:00,49.545,49.55,49.51,49.51,4544,0
2017-12-04,16:05:00,49.49,49.52,49.49,49.52,18704,0
2017-12-04,16:10:00,49.52,49.52,49.488,49.488,2225,0
2017-12-04,16:15:00,49.47,49.49,49.46,49.47,1600,0
2017-12-04,16:20:00,49.46,49.46,49.42,49.44,1600,0
2017-12-04,16:25:00,49.43,49.4732,49.43,49.4732,1811,0
2017-12-04,16:30:00,49.47,49.48,49.45,49.46,3890,0
2017-12-04,16:35:00,49.455,49.46,49.42,49.43,13885,0
2017-12-04,16:40:00,49.419,49.45,49.41,49.45,19189,0
2017-12-04,16:45:00,49.45,49.45,49.4,49.4,10900,0
2017-12-04,16:50:00,49.395,49.4,49.37,49.39,23142,0
2017-12-04,16:55:00,49.38,49.38,49.31,49.32,3932,0
2017-12-04,17:00:00,49.32,49.34,49.28,49.34,8926,0
2017-12-04,17:05:00,49.34,49.35,49.3203,49.3203,4908,0
2017-12-04,17:10:00,49.34,49.34,49.34,49.34,100,0
2017-12-04,17:15:00,49.33,49.35,49.31,49.3414,4676,0
2017-12-04,17:20:00,49.37,49.39,49.37,49.39,15630,0
2017-12-04,17:25:00,49.4001,49.42,49.4001,49.41,1490,0
2017-12-04,17:30:00,49.42,49.42,49.4,49.41,5853,0
2017-12-04,17:35:00,49.419,49.419,49.392,49.392,2649,0
2017-12-04,17:40:00,49.45,49.4535,49.45,49.4535,1220,0
2017-12-04,17:45:00,49.4556,49.4599,49.44,49.44,1578,0
2017-12-04,17:50:00,49.43,49.43,49.41,49.41,1800,0
2017-12-04,17:55:00,49.43,49.43,49.42,49.42,400,0
2017-12-04,18:05:00,49.44,49.445,49.43,49.43,1715,0
2017-12-04,18:10:00,49.42,49.42,49.42,49.42,2000,0
2017-12-04,18:15:00,49.4458,49.46,49.4458,49.46,399,0
2017-12-04,18:20:00,49.46,49.46,49.45,49.45,400,0
2017-12-04,18:25:00,49.443,49.45,49.4221,49.43,1550,0
2017-12-04,18:30:00,49.4247,49.43,49.41,49.41,985,0
2017-12-04,18:35:00,49.4085,49.4085,49.4085,49.4085,157,0
2017-12-04,18:40:00,49.4001,49.419,49.4001,49.419,6579,0
2017-12-04,18:45:00,49.439,49.439,49.4257,49.4257,2021,0
2017-12-04,18:50:00,49.4364,49.46,49.4364,49.46,1310,0
2017-12-04,18:55:00,49.4473,49.449,49.4473,49.449,291,0
2017-12-04,19:00:00,49.442,49.468,49.442,49.468,1844,0
2017-12-04,19:05:00,49.46,49.46,49.46,49.46,100,0
2017-12-04,19:10:00,49.47,49.4853,49.464,49.4853,3266,0
2017-12-04,19:15:00,49.48,49.497,49.46,49.49,120571,0
2017-12-04,19:20:00,49.5,49.5,49.48,49.4804,1349,0
2017-12-04,19:25:00,49.5,49.5,49.481,49.481,1329,0
2017-12-04,19:30:00,49.4981,49.4981,49.4981,49.4981,3327,0
2017-12-04,19:35:00,49.505,49.505,49.5032,49.5032,1653,0
2017-12-04,19:40:00,49.4932,49.4956,49.4932,49.4956,1223,0
2017-12-04,19:45:00,49.4965,49.5,49.4965,49.4969,796,0
2017-12-04,19:50:00,49.4989,49.4989,49.49,49.49,500,0
2017-12-04,19:55:00,49.4834,49.485,49.46,49.475,2022,0
2017-12-04,20:00:00,49.4823,49.485,49.4823,49.485,2074,0
2017-12-04,20:10:00,49.487,49.487,49.441,49.4617,6357,0
2017-12-04,20:15:00,49.4424,49.455,49.42,49.4499,4662,0
2017-12-04,20:20:00,49.44,49.448,49.42,49.43,2200,0
2017-12-04,20:25:00,49.43,49.43,49.43,49.43,500,0
2017-12-04,20:30:00,49.43,49.43,49.41,49.41,17068,0
2017-12-04,20:35:00,49.4,49.4,49.381,49.39,1308,0
2017-12-04,20:40:00,49.38,49.43,49.38,49.4,128944,0
2017-12-04,20:45:00,49.41,49.41,49.39,49.4,1743,0
2017-12-04,20:50:00,49.39,49.39,49.39,49.39,527,0
2017-12-04,20:55:00,49.38,49.3963,49.38,49.3963,1602,0
2017-12-04,21:00:00,49.4,49.4,49.37,49.3773,6923,0
2017-12-04,21:05:00,49.37,49.37,49.3536,49.37,10244,0
2017-12-04,21:10:00,49.389,49.389,49.389,49.389,2735,0
2017-12-04,21:15:00,49.37,49.37,49.36,49.36,420,0
2017-12-04,21:20:00,49.35,49.35,49.343,49.343,500,0
2017-12-04,21:25:00,49.35,49.37,49.35,49.3659,2040,0
2017-12-04,21:30:00,49.36,49.36,49.33,49.33,4153,0
2017-12-04,21:35:00,49.33,49.34,49.33,49.34,600,0
2017-12-04,21:40:00,49.32,49.32,49.2715,49.28,11270,0
2017-12-04,21:45:00,49.285,49.3,49.28,49.28,3303,0
2017-12-04,21:50:00,49.2648,49.27,49.25,49.27,2061,0
2017-12-04,21:55:00,49.26,49.27,49.26,49.27,335,0
2017-12-04,22:00:00,49.26,49.279,49.235,49.235,5704,0
2017-12-05,15:35:00,49.25,49.26,49.25,49.26,23016,0
2017-12-05,15:40:00,49.29,49.295,49.29,49.295,1900,0
2017-12-05,15:45:00,49.29,49.3,49.26,49.29,28015,0
2017-12-05,15:50:00,49.28,49.28,49.265,49.27,6400,0
2017-12-05,15:55:00,49.2777,49.2777,49.255,49.2595,17545,0
2017-12-05,16:00:00,49.26,49.27,49.24,49.24,6340,0
2017-12-05,16:05:00,49.2598,49.27,49.2598,49.2614,1019,0
2017-12-05,16:10:00,49.26,49.26,49.24,49.24,44716,0
2017-12-05,16:15:00,49.24,49.25,49.2298,49.25,2018,0
2017-12-05,16:20:00,49.2573,49.28,49.2573,49.28,518,0
2017-12-05,16:25:00,49.31,49.32,49.31,49.32,291,0
2017-12-05,16:30:00,49.3,49.3199,49.3,49.3199,453,0
2017-12-05,16:35:00,49.3,49.33,49.3,49.33,400,0
2017-12-05,16:40:00,49.32,49.34,49.32,49.327,1200,0
2017-12-05,16:45:00,49.33,49.33,49.31,49.31,1300,0
2017-12-05,16:50:00,49.32,49.32,49.32,49.32,100,0
2017-12-05,16:55:00,49.35,49.35,49.3276,49.3276,1772,0
2017-12-05,17:00:00,49.325,49.34,49.325,49.34,910,0
2017-12-05,17:05:00,49.37,49.38,49.35,49.35,600,0
2017-12-05,17:10:00,49.36,49.36,49.34,49.34,2300,0
2017-12-05,17:15:00,49.36,49.37,49.36,49.37,500,0
2017-12-05,17:20:00,49.363,49.363,49.363,49.363,100,0
2017-12-05,17:25:00,49.35,49.35,49.35,49.35,400,0
2017-12-05,17:35:00,49.3636,49.3636,49.33,49.33,3113,0
2017-12-05,17:50:00,49.31,49.3196,49.31,49.3196,1841,0
2017-12-05,18:00:00,49.29,49.29,49.27,49.27,1000,0
2017-12-05,18:05:00,49.26,49.27,49.24,49.25,1979,0
2017-12-05,18:10:00,49.26,49.26,49.25,49.26,1957,0
2017-12-05,18:15:00,49.2774,49.2837,49.2741,49.282,9427,0
2017-12-05,18:20:00,49.285,49.285,49.27,49.28,31505,0
2017-12-05,18:25:00,49.27,49.2853,49.265,49.2853,3223,0
2017-12-05,18:30:00,49.272,49.29,49.2701,49.2701,2382,0
2017-12-05,18:35:00,49.29,49.29,49.28,49.285,10982,0
2017-12-05,18:40:00,49.286,49.286,49.27,49.28,15807,0
2017-12-05,18:45:00,49.28,49.28,49.27,49.27,700,0
2017-12-05,18:50:00,49.2732,49.2732,49.26,49.26,4034,0
2017-12-05,18:55:00,49.26,49.26,49.25,49.25,500,0
2017-12-05,19:00:00,49.25,49.25,49.2165,49.2165,1183,0
2017-12-05,19:05:00,49.2053,49.21,49.2053,49.21,1250,0
2017-12-05,19:10:00,49.222,49.222,49.21,49.21,623,0
2017-12-05,19:15:00,49.227,49.23,49.218,49.218,11662,0
2017-12-05,19:20:00,49.2,49.23,49.2,49.23,28025,0
2017-12-05,19:25:00,49.24,49.26,49.24,49.25,7645,0
2017-12-05,19:30:00,49.2432,49.2432,49.2301,49.2301,1007,0
2017-12-05,19:35:00,49.2435,49.25,49.2423,49.25,3897,0
2017-12-05,19:40:00,49.2522,49.2522,49.24,49.247,2566,0
2017-12-05,19:45:00,49.2311,49.2457,49.2311,49.2457,7346,0
2017-12-05,19:50:00,49.25,49.25,49.24,49.25,15704,0
2017-12-05,19:55:00,49.26,49.26,49.25,49.25,900,0
2017-12-05,20:00:00,49.245,49.245,49.2332,49.2332,2575,0
2017-12-05,20:05:00,49.241,49.25,49.241,49.25,3278,0
2017-12-05,20:10:00,49.26,49.26,49.24,49.25,5074,0
2017-12-05,20:15:00,49.25,49.25,49.24,49.24,2494,0
2017-12-05,20:20:00,49.24,49.24,49.21,49.21,13582,0
2017-12-05,20:25:00,49.21,49.21,49.19,49.1911,1604,0
2017-12-05,20:30:00,49.2064,49.2064,49.19,49.19,15706,0
2017-12-05,20:35:00,49.19,49.19,49.17,49.17,1985,0
2017-12-05,20:40:00,49.18,49.18,49.16,49.16,900,0
2017-12-05,20:45:00,49.17,49.1897,49.17,49.1897,929,0
2017-12-05,20:50:00,49.15,49.1541,49.15,49.1541,5120,0
2017-12-05,20:55:00,49.16,49.18,49.1597,49.1597,2266,0
2017-12-05,21:00:00,49.15,49.15,49.14,49.15,1428,0
2017-12-05,21:05:00,49.14,49.18,49.14,49.1668,16381,0
2017-12-05,21:10:00,49.1601,49.18,49.16,49.17,10899,0
2017-12-05,21:15:00,49.17,49.18,49.1601,49.1631,23575,0
2017-12-05,21:20:00,49.1651,49.1651,49.14,49.15,6881,0
2017-12-05,21:25:00,49.145,49.17,49.145,49.17,2372,0
2017-12-05,21:30:00,49.17,49.18,49.17,49.17,2208,0
2017-12-05,21:35:00,49.17,49.1768,49.16,49.16,4639,0
2017-12-05,21:40:00,49.155,49.16,49.14,49.1453,6900,0
2017-12-05,21:45:00,49.15,49.17,49.15,49.17,5076,0
2017-12-05,21:50:00,49.17,49.17,49.135,49.15,9459,0
2017-12-05,21:55:00,49.14,49.15,49.14,49.1453,6833,0
2017-12-05,22:00:00,49.15,49.17,49.1497,49.15,34007,0
2017-12-06,15:35:00,48.89,48.89,48.83,48.86,9091,0
2017-12-06,15:40:00,48.8528,48.8586,48.85,48.85,14472,0
2017-12-06,15:45:00,48.88,48.91,48.88,48.91,3090,0
2017-12-06,15:50:00,48.89,48.897,48.88,48.889,2165,0
2017-12-06,15:55:00,48.87,48.87,48.8661,48.8661,405,0
2017-12-06,16:00:00,48.87,48.91,48.87,48.9,4300,0
2017-12-06,16:05:00,48.92,48.93,48.9152,48.9152,1152,0
2017-12-06,16:10:00,48.93,48.93,48.91,48.9167,3563,0
2017-12-06,16:15:00,48.93,48.93,48.8999,48.8999,2569,0
2017-12-06,16:20:00,48.91,48.91,48.88,48.88,1526,0
2017-12-06,16:25:00,48.89,48.89,48.89,48.89,100,0
2017-12-06,16:30:00,48.88,48.9,48.8759,48.9,3530,0
2017-12-06,16:35:00,48.92,48.9245,48.91,48.91,1025,0
2017-12-06,16:40:00,48.905,48.91,48.88,48.88,4569,0
2017-12-06,16:45:00,48.9,48.91,48.9,48.91,1548,0
2017-12-06,16:50:00,48.92,48.95,48.92,48.94,117625,0
2017-12-06,16:55:00,48.94,48.95,48.94,48.9499,3670,0
2017-12-06,17:00:00,48.98,48.9834,48.98,48.9834,22916,0
2017-12-06,17:05:00,48.99,48.99,48.961,48.961,3232,0
2017-12-06,17:10:00,48.97,48.975,48.965,48.9667,48974,0
2017-12-06,17:15:00,48.969,48.969,48.94,48.94,3042,0
2017-12-06,17:20:00,48.93,48.93,48.92,48.92,300,0
2017-12-06,17:25:00,48.92,48.96,48.92,48.95,4100,0
2017-12-06,17:30:00,48.94,48.94,48.89,48.89,8135,0
2017-12-06,17:35:00,48.8752,48.8955,48.8752,48.89,8034,0
2017-12-06,17:40:00,48.91,48.92,48.91,48.92,872,0
2017-12-06,17:45:00,48.92,48.9299,48.92,48.9299,738,0
2017-12-06,17:50:00,48.92,48.93,48.92,48.93,1404,0
2017-12-06,17:55:00,48.9297,48.937,48.91,48.91,8061,0
2017-12-06,18:00:00,48.9,48.9,48.8859,48.9,1493,0
2017-12-06,18:05:00,48.89,48.89,48.885,48.89,1750,0
2017-12-06,18:10:00,48.88,48.9,48.8797,48.8841,8807,0
2017-12-06,18:15:00,48.8779,48.895,48.8779,48.895,6650,0
2017-12-06,18:20:00,48.88,48.8899,48.87,48.8758,19610,0
2017-12-06,18:25:00,48.86,48.86,48.85,48.8598,16580,0
2017-12-06,18:30:00,48.852,48.87,48.852,48.87,1699,0
2017-12-06,18:35:00,48.88,48.89,48.874,48.8787,3566,0
2017-12-06,18:40:00,48.89,48.9,48.89,48.9,200,0
2017-12-06,18:45:00,48.88,48.88,48.88,48.88,100,0
2017-12-06,18:50:00,48.8942,48.8942,48.89,48.89,1300,0
2017-12-06,18:55:00,48.9,48.9,48.9,48.9,100,0
2017-12-06,19:00:00,48.9019,48.9058,48.88,48.9058,33725,0
2017-12-06,19:05:00,48.9,48.9,48.9,48.9,200,0
2017-12-06,19:10:00,48.8997,48.8997,48.8997,48.8997,260,0
2017-12-06,19:15:00,48.8907,48.8907,48.8907,48.8907,250,0
2017-12-06,19:20:00,48.9,48.9,48.89,48.9,7843,0
2017-12-06,19:25:00,48.9,48.909,48.898,48.8994,6918,0
2017-12-06,19:30:00,48.91,48.91,48.91,48.91,610,0
2017-12-06,19:35:00,48.905,48.92,48.905,48.92,1917,0
2017-12-06,19:40:00,48.9327,48.9327,48.92,48.9244,2097,0
2017-12-06,19:45:00,48.93,48.9342,48.927,48.9342,1593,0
2017-12-06,19:55:00,48.942,48.96,48.93,48.96,117157,0
2017-12-06,20:00:00,48.95,48.95,48.94,48.94,4785,0
2017-12-06,20:05:00,48.9501,48.97,48.95,48.97,1660,0
2017-12-06,20:10:00,48.97,48.97,48.9624,48.9624,2136,0
2017-12-06,20:15:00,48.94,48.9626,48.93,48.945,31164,0
2017-12-06,20:20:00,48.94,48.9655,48.94,48.96,11366,0
2017-12-06,20:25:00,48.96,48.96,48.96,48.96,100,0
2017-12-06,20:30:00,48.97,48.97,48.94,48.969,20556,0
2017-12-06,20:40:00,48.9565,48.9714,48.95,48.96,20685,0
2017-12-06,20:45:00,48.96,48.97,48.96,48.96,1705,0
2017-12-06,20:50:00,48.98,48.98,48.98,48.98,6601,0
2017-12-06,20:55:00,48.9678,48.9678,48.96,48.96,1746,0
2017-12-06,21:00:00,48.96,48.9642,48.95,48.96,9032,0
2017-12-06,21:05:00,48.96,48.968,48.95,48.95,3740,0
2017-12-06,21:10:00,48.9651,48.967,48.95,48.95,27791,0
2017-12-06,21:15:00,48.96,48.97,48.96,48.97,14828,0
2017-12-06,21:20:00,48.965,48.9907,48.96,48.96,65602,0
2017-12-06,21:25:00,48.96,48.977,48.96,48.9648,3552,0
2017-12-06,21:30:00,48.965,48.97,48.96,48.97,1576,0
2017-12-06,21:35:00,48.9672,48.9672,48.94,48.94,6419,0
2017-12-06,21:40:00,48.92,48.93,48.9175,48.92,39929,0
2017-12-06,21:45:00,48.927,48.93,48.91,48.9218,13771,0
2017-12-06,21:50:00,48.91,48.94,48.91,48.9399,3990,0
2017-12-06,21:55:00,48.92,48.92,48.91,48.9199,2121,0
2017-12-06,22:00:00,48.915,48.92,48.91,48.915,36986,0
2017-12-07,15:35:00,48.88,48.88,48.83,48.84,5645,0
2017-12-07,15:40:00,48.86,48.91,48.86,48.91,2648,0
2017-12-07,15:45:00,48.92,48.92,48.8967,48.8967,36288,0
2017-12-07,15:50:00,48.9241,48.93,48.91,48.91,7040,0
2017-12-07,15:55:00,48.94,48.94,48.9382,48.9382,2841,0
2017-12-07,16:00:00,48.9499,48.95,48.9499,48.95,1898,0
2017-12-07,16:05:00,48.94,48.942,48.92,48.942,1063,0
2017-12-07,16:10:00,48.949,48.949,48.93,48.93,3000,0
2017-12-07,16:15:00,48.93,48.9488,48.92,48.9488,2495,0
2017-12-07,16:20:00,48.9535,48.9765,48.9535,48.9765,6860,0
2017-12-07,16:25:00,48.98,49,48.975,49,16060,0
2017-12-07,16:30:00,49,49,48.99,48.99,500,0
2017-12-07,16:35:00,48.9819,48.9819,48.9819,48.9819,100,0
2017-12-07,16:40:00,48.995,48.995,48.995,48.995,109,0
2017-12-07,16:45:00,48.99,48.99,48.99,48.99,200,0
2017-12-07,16:55:00,49.019,49.02,49.015,49.0153,8623,0
2017-12-07,17:00:00,49.025,49.0406,49.025,49.03,2086,0
2017-12-07,17:05:00,49.031,49.0327,49.03,49.03,5003,0
2017-12-07,17:10:00,49.02,49.03,49.02,49.0299,34676,0
2017-12-07,17:15:00,48.9959,49,48.99,48.995,9329,0
2017-12-07,17:20:00,48.99,48.99,48.98,48.99,3781,0
2017-12-07,17:25:00,48.9941,48.9941,48.9762,48.9847,13638,0
2017-12-07,17:30:00,49.011,49.04,49.011,49.04,30372,0
2017-12-07,17:35:00,49.0444,49.05,49.0444,49.05,1245,0
2017-12-07,17:40:00,49.07,49.07,49.063,49.063,381,0
2017-12-07,17:45:00,49.07,49.07,49.055,49.06,7666,0
2017-12-07,17:50:00,49.0737,49.0737,49.06,49.06,510,0
2017-12-07,17:55:00,49.0563,49.065,49.0546,49.0546,3072,0
2017-12-07,18:00:00,49.0613,49.0613,49.0613,49.0613,200,0
2017-12-07,18:05:00,49.06,49.06,49.05,49.05,1900,0
2017-12-07,18:10:00,49.045,49.055,49.0423,49.0531,2381,0
2017-12-07,18:15:00,49.04,49.04,49.04,49.04,300,0
2017-12-07,18:20:00,49.05,49.05,49.05,49.05,800,0
2017-12-07,18:25:00,49.07,49.07,49.04,49.04,6288,0
2017-12-07,18:30:00,49.05,49.0599,49.042,49.0547,3903,0
2017-12-07,18:40:00,49.07,49.09,49.065,49.085,11500,0
2017-12-07,18:45:00,49.0824,49.0824,49.0824,49.0824,354,0
2017-12-07,18:50:00,49.09,49.09,49.0759,49.0759,48645,0
2017-12-07,18:55:00,49.0767,49.0828,49.0767,49.0826,2608,0
2017-12-07,19:00:00,49.0969,49.0969,49.0969,49.0969,2283,0
2017-12-07,19:05:00,49.1,49.1,49.08,49.08,1159,0
2017-12-07,19:10:00,49.08,49.105,49.08,49.105,823,0
2017-12-07,19:15:00,49.0901,49.109,49.0901,49.109,811,0
2017-12-07,19:20:00,49.1,49.11,49.095,49.0975,3571,0
2017-12-07,19:25:00,49.09,49.1,49.09,49.09,411,0
2017-12-07,19:30:00,49.11,49.11,49.11,49.11,100,0
2017-12-07,19:35:00,49.11,49.11,49.1,49.1,500,0
2017-12-07,19:40:00,49.11,49.1141,49.11,49.1141,3607,0
2017-12-07,19:45:00,49.11,49.11,49.1049,49.1049,511,0
2017-12-07,19:50:00,49.09,49.09,49.081,49.081,495,0
2017-12-07,19:55:00,49.09,49.09,49.0823,49.0823,1219,0
2017-12-07,20:00:00,49.085,49.0869,49.0701,49.0701,6226,0
2017-12-07,20:05:00,49.09,49.09,49.072,49.09,6918,0
2017-12-07,20:10:00,49.09,49.09,49.09,49.09,200,0
2017-12-07,20:15:00,49.0728,49.0728,49.0405,49.0405,1652,0
2017-12-07,20:20:00,49.0301,49.05,49.0301,49.0456,1114,0
2017-12-07,20:25:00,49.0472,49.0472,49.0472,49.0472,1413,0
2017-12-07,20:30:00,49.045,49.045,49.02,49.02,1020,0
2017-12-07,20:35:00,49.02,49.02,49.015,49.015,368,0
2017-12-07,20:40:00,48.9965,49.0099,48.9965,49.0099,7116,0
2017-12-07,20:45:00,48.99,48.9934,48.9831,48.9831,4410,0
2017-12-07,20:50:00,48.98,48.9898,48.9794,48.9794,5932,0
2017-12-07,20:55:00,49.002,49.01,49.002,49.01,645,0
2017-12-07,21:00:00,49.0023,49.0032,48.991,49.0032,1205,0
2017-12-07,21:05:00,48.9994,49.0099,48.9994,49.0071,12431,0
2017-12-07,21:10:00,49.0075,49.01,49,49.01,8339,0
2017-12-07,21:15:00,48.99,48.9995,48.99,48.9966,6506,0
2017-12-07,21:20:00,48.9948,48.9953,48.9948,48.9953,4637,0
2017-12-07,21:25:00,49.01,49.02,49.0024,49.02,19165,0
2017-12-07,21:30:00,49.0297,49.0297,49.0297,49.0297,219,0
2017-12-07,21:35:00,49.0388,49.0388,49.02,49.025,4652,0
2017-12-07,21:40:00,49.0266,49.0266,49.0266,49.0266,602,0
2017-12-07,21:45:00,49.03,49.04,49.03,49.039,3540,0
2017-12-07,21:50:00,49.03,49.0391,49.03,49.03,3930,0
2017-12-07,21:55:00,49.03,49.038,49.02,49.038,3878,0
2017-12-07,22:00:00,49.0262,49.05,49.02,49.05,12459,0
2017-12-08,15:35:00,49.31,49.344,49.3,49.3359,9744,0
2017-12-08,15:40:00,49.32,49.32,49.32,49.32,200,0
2017-12-08,15:45:00,49.327,49.327,49.327,49.327,3080,0
2017-12-08,15:50:00,49.32,49.32,49.299,49.3,1172,0
2017-12-08,15:55:00,49.29,49.297,49.285,49.297,3357,0
2017-12-08,16:00:00,49.29,49.3,49.2745,49.3,7063,0
2017-12-08,16:05:00,49.3,49.3,49.27,49.27,1306,0
2017-12-08,16:10:00,49.26,49.27,49.25,49.25,12274,0
2017-12-08,16:15:00,49.25,49.25,49.23,49.23,1219,0
2017-12-08,16:20:00,49.21,49.21,49.2,49.2,219,0
2017-12-08,16:25:00,49.1914,49.2,49.1914,49.2,1970,0
2017-12-08,16:30:00,49.21,49.21,49.2,49.21,1800,0
2017-12-08,16:35:00,49.2126,49.227,49.21,49.22,1436,0
2017-12-08,16:40:00,49.225,49.225,49.225,49.225,152,0
2017-12-08,16:45:00,49.24,49.25,49.24,49.25,793,0
2017-12-08,16:50:00,49.25,49.25,49.229,49.2363,47988,0
2017-12-08,16:55:00,49.2399,49.2399,49.22,49.22,521,0
2017-12-08,17:00:00,49.2368,49.25,49.2368,49.25,781,0
2017-12-08,17:05:00,49.2599,49.26,49.2472,49.255,9635,0
2017-12-08,17:10:00,49.255,49.26,49.2501,49.26,11940,0
2017-12-08,17:15:00,49.26,49.26,49.26,49.26,700,0
2017-12-08,17:20:00,49.2598,49.27,49.2598,49.27,5052,0
2017-12-08,17:25:00,49.2772,49.28,49.2701,49.28,5771,0
2017-12-08,17:30:00,49.285,49.2867,49.24,49.24,4702,0
2017-12-08,17:35:00,49.2424,49.2424,49.2424,49.2424,141,0
2017-12-08,17:40:00,49.2101,49.24,49.2101,49.235,2434,0
2017-12-08,17:45:00,49.25,49.26,49.24,49.26,4340,0
2017-12-08,17:50:00,49.26,49.27,49.26,49.27,6200,0
2017-12-08,17:55:00,49.2799,49.28,49.2799,49.28,713,0
2017-12-08,18:00:00,49.28,49.28,49.275,49.2767,24042,0
2017-12-08,18:05:00,49.27,49.2838,49.27,49.2838,3855,0
2017-12-08,18:10:00,49.2866,49.295,49.2866,49.295,2757,0
2017-12-08,18:15:00,49.295,49.31,49.295,49.305,15900,0
2017-12-08,18:20:00,49.31,49.315,49.305,49.315,12463,0
2017-12-08,18:25:00,49.32,49.329,49.32,49.325,8029,0
2017-12-08,18:30:00,49.33,49.33,49.33,49.33,324,0
2017-12-08,18:35:00,49.34,49.3464,49.34,49.3464,2058,0
2017-12-08,18:40:00,49.35,49.35,49.345,49.345,1424,0
2017-12-08,18:45:00,49.345,49.345,49.3425,49.3425,3012,0
2017-12-08,18:50:00,49.3476,49.3476,49.34,49.34,3574,0
2017-12-08,18:55:00,49.335,49.3358,49.33,49.33,4539,0
2017-12-08,19:00:00,49.33,49.33,49.3112,49.3112,1449,0
2017-12-08,19:05:00,49.32,49.32,49.32,49.32,900,0
2017-12-08,19:15:00,49.33,49.33,49.325,49.325,2346,0
2017-12-08,19:20:00,49.325,49.34,49.325,49.34,4866,0
2017-12-08,19:25:00,49.3423,49.3423,49.3423,49.3423,176,0
2017-12-08,19:35:00,49.335,49.345,49.335,49.34,3230,0
2017-12-08,19:40:00,49.33,49.34,49.33,49.34,1877,0
2017-12-08,19:45:00,49.35,49.35,49.35,49.35,243,0
2017-12-08,19:50:00,49.35,49.35,49.34,49.34,1766,0
2017-12-08,19:55:00,49.34,49.34,49.3315,49.34,1116,0
2017-12-08,20:00:00,49.345,49.345,49.345,49.345,237,0
2017-12-08,20:05:00,49.349,49.35,49.3438,49.3438,2036,0
2017-12-08,20:10:00,49.35,49.35,49.3424,49.3424,8130,0
2017-12-08,20:15:00,49.345,49.3467,49.34,49.34,2777,0
2017-12-08,20:20:00,49.335,49.3368,49.335,49.3368,356,0
2017-12-08,20:25:00,49.33,49.33,49.315,49.315,24667,0
2017-12-08,20:30:00,49.315,49.3285,49.315,49.325,1150,0
2017-12-08,20:35:00,49.32,49.32,49.315,49.32,500,0
2017-12-08,20:40:00,49.33,49.33,49.31,49.31,3428,0
2017-12-08,20:45:00,49.33,49.33,49.33,49.33,200,0
2017-12-08,20:50:00,49.32,49.32,49.31,49.3171,804,0
2017-12-08,20:55:00,49.32,49.33,49.32,49.33,3618,0
2017-12-08,21:00:00,49.3227,49.33,49.315,49.32,75055,0
2017-12-08,21:05:00,49.325,49.34,49.3134,49.33,4572,0
2017-12-08,21:10:00,49.33,49.34,49.325,49.325,3743,0
2017-12-08,21:15:00,49.33,49.34,49.325,49.3267,2120,0
2017-12-08,21:20:00,49.325,49.33,49.315,49.32,11712,0
2017-12-08,21:25:00,49.3275,49.333,49.3238,49.333,10955,0
2017-12-08,21:30:00,49.3349,49.34,49.33,49.34,5111,0
2017-12-08,21:35:00,49.33,49.33,49.325,49.325,2727,0
2017-12-08,21:40:00,49.325,49.33,49.315,49.325,11457,0
2017-12-08,21:45:00,49.32,49.33,49.315,49.32,27306,0
2017-12-08,21:50:00,49.3275,49.3275,49.301,49.31,39572,0
2017-12-08,21:55:00,49.31,49.34,49.31,49.3382,4468,0
2017-12-08,22:00:00,49.3329,49.35,49.32,49.32,5377,0
2017-12-11,15:35:00,49.4,49.43,49.4,49.42,4608,0
2017-12-11,15:40:00,49.43,49.44,49.43,49.43,47896,0
2017-12-11,15:45:00,49.45,49.45,49.44,49.44,26479,0
2017-12-11,15:50:00,49.47,49.47,49.44,49.45,30152,0
2017-12-11,15:55:00,49.4481,49.46,49.435,49.45,43282,0
2017-12-11,16:00:00,49.45,49.48,49.45,49.48,3700,0
2017-12-11,16:05:00,49.48,49.495,49.47,49.495,1473,0
2017-12-11,16:10:00,49.5,49.515,49.5,49.51,2357,0
2017-12-11,16:20:00,49.5,49.5,49.49,49.49,1600,0
2017-12-11,16:25:00,49.48,49.48,49.48,49.48,600,0
2017-12-11,16:30:00,49.48,49.5,49.46,49.46,1600,0
2017-12-11,16:35:00,49.46,49.475,49.46,49.47,27600,0
2017-12-11,16:40:00,49.4701,49.5,49.4701,49.5,11809,0
2017-12-11,16:45:00,49.48,49.5,49.47,49.47,2365,0
2017-12-11,16:50:00,49.4743,49.4743,49.4743,49.4743,500,0
2017-12-11,16:55:00,49.47,49.47,49.47,49.47,300,0
2017-12-11,17:00:00,49.4519,49.4534,49.44,49.44,11184,0
2017-12-11,17:05:00,49.45,49.46,49.44,49.46,53052,0
2017-12-11,17:10:00,49.46,49.48,49.46,49.47,26508,0
2017-12-11,17:15:00,49.46,49.4799,49.46,49.4799,41097,0
2017-12-11,17:20:00,49.47,49.48,49.45,49.48,15081,0
2017-12-11,17:25:00,49.4607,49.465,49.4541,49.455,1572,0
2017-12-11,17:30:00,49.46,49.4737,49.4567,49.4567,1899,0
2017-12-11,17:35:00,49.45,49.46,49.45,49.46,1436,0
2017-12-11,17:40:00,49.46,49.46,49.46,49.46,100,0
2017-12-11,17:45:00,49.4553,49.4553,49.4553,49.4553,563,0
2017-12-11,17:50:00,49.4534,49.4572,49.4534,49.4572,345,0
2017-12-11,17:55:00,49.46,49.4741,49.455,49.47,2382,0
2017-12-11,18:00:00,49.48,49.48,49.47,49.47,1226,0
2017-12-11,18:10:00,49.475,49.4934,49.47,49.4934,5222,0
2017-12-11,18:15:00,49.5041,49.51,49.5024,49.51,662,0
2017-12-11,18:20:00,49.5043,49.5043,49.49,49.497,5492,0
2017-12-11,18:25:00,49.4746,49.48,49.47,49.47,7629,0
2017-12-11,18:30:00,49.48,49.4813,49.48,49.4813,211,0
2017-12-11,18:35:00,49.495,49.51,49.49,49.5,57701,0
2017-12-11,18:40:00,49.5,49.5,49.4964,49.4999,4344,0
2017-12-11,18:45:00,49.4999,49.5099,49.495,49.5099,5897,0
2017-12-11,18:50:00,49.5,49.5072,49.48,49.48,6657,0
2017-12-11,18:55:00,49.485,49.4971,49.485,49.4971,5934,0
2017-12-11,19:00:00,49.48,49.49,49.475,49.49,2833,0
2017-12-11,19:05:00,49.5,49.5,49.48,49.48,2964,0
2017-12-11,19:10:00,49.48,49.48,49.48,49.48,500,0
2017-12-11,19:15:00,49.4875,49.4924,49.48,49.48,6763,0
2017-12-11,19:20:00,49.48,49.5,49.4768,49.49,33156,0
2017-12-11,19:25:00,49.48,49.48,49.47,49.48,1848,0
2017-12-11,19:30:00,49.4769,49.48,49.47,49.475,5242,0
2017-12-11,19:35:00,49.4765,49.4772,49.47,49.475,2951,0
2017-12-11,19:40:00,49.47,49.476,49.47,49.476,340,0
2017-12-11,19:45:00,49.47,49.47,49.47,49.47,1400,0
2017-12-11,19:50:00,49.48,49.48,49.48,49.48,100,0
2017-12-11,19:55:00,49.48,49.4899,49.48,49.4899,300,0
2017-12-11,20:00:00,49.485,49.49,49.4847,49.4884,6338,0
2017-12-11,20:05:00,49.4962,49.4968,49.4909,49.4909,4175,0
2017-12-11,20:10:00,49.49,49.4966,49.49,49.49,5457,0
2017-12-11,20:15:00,49.494,49.5,49.494,49.5,16479,0
2017-12-11,20:20:00,49.4932,49.5,49.49,49.495,3061,0
2017-12-11,20:25:00,49.49,49.5,49.49,49.49,2456,0
2017-12-11,20:30:00,49.5,49.5,49.49,49.498,4579,0
2017-12-11,20:35:00,49.49,49.49,49.4734,49.49,2717,0
2017-12-11,20:40:00,49.48,49.49,49.475,49.49,7506,0
2017-12-11,20:45:00,49.485,49.489,49.4775,49.48,9114,0
2017-12-11,20:50:00,49.4825,49.4875,49.47,49.48,9413,0
2017-12-11,20:55:00,49.4701,49.4701,49.4601,49.47,7062,0
2017-12-11,21:00:00,49.47,49.48,49.46,49.47,49475,0
2017-12-11,21:05:00,49.47,49.47,49.45,49.47,22940,0
2017-12-11,21:10:00,49.4675,49.47,49.465,49.465,2148,0
2017-12-11,21:15:00,49.469,49.469,49.465,49.465,912,0
2017-12-11,21:20:00,49.465,49.47,49.46,49.47,6007,0
2017-12-11,21:25:00,49.46,49.47,49.45,49.468,47997,0
2017-12-11,21:30:00,49.465,49.465,49.45,49.46,20750,0
2017-12-11,21:35:00,49.463,49.47,49.46,49.465,3224,0
2017-12-11,21:40:00,49.4644,49.47,49.46,49.47,12127,0
2017-12-11,21:45:00,49.4689,49.4699,49.465,49.465,1452,0
2017-12-11,21:50:00,49.465,49.479,49.465,49.47,31331,0
2017-12-11,21:55:00,49.48,49.5,49.48,49.485,43406,0
2017-12-11,22:00:00,49.485,49.49,49.48,49.48,6328,0
2017-12-12,15:35:00,49.38,49.38,49.34,49.3685,6503,0
2017-12-12,15:40:00,49.35,49.35,49.33,49.35,980,0
2017-12-12,15:45:00,49.3499,49.36,49.3499,49.36,1400,0
2017-12-12,15:50:00,49.36,49.36,49.35,49.35,1641,0
2017-12-12,15:55:00,49.35,49.36,49.35,49.355,1719,0
2017-12-12,16:00:00,49.36,49.38,49.36,49.38,2532,0
2017-12-12,16:05:00,49.39,49.4076,49.39,49.39,4707,0
2017-12-12,16:10:00,49.38,49.41,49.38,49.41,600,0
2017-12-12,16:15:00,49.41,49.41,49.406,49.406,741,0
2017-12-12,16:20:00,49.39,49.39,49.39,49.39,300,0
2017-12-12,16:30:00,49.41,49.42,49.39,49.39,1100,0
2017-12-12,16:35:00,49.38,49.388,49.3785,49.38,2698,0
2017-12-12,16:40:00,49.38,49.38,49.37,49.37,1840,0
2017-12-12,16:45:00,49.3799,49.3799,49.36,49.3689,548,0
2017-12-12,16:50:00,49.369,49.369,49.369,49.369,216,0
2017-12-12,16:55:00,49.3756,49.38,49.3756,49.38,400,0
2017-12-12,17:00:00,49.39,49.39,49.3874,49.3874,2716,0
2017-12-12,17:10:00,49.39,49.39,49.389,49.389,1318,0
2017-12-12,17:15:00,49.4,49.4,49.395,49.395,1200,0
2017-12-12,17:20:00,49.39,49.39,49.37,49.38,1793,0
2017-12-12,17:30:00,49.39,49.42,49.39,49.41,5706,0
2017-12-12,17:35:00,49.4201,49.4201,49.4201,49.4201,100,0
2017-12-12,17:40:00,49.42,49.42,49.4,49.4,2106,0
2017-12-12,17:45:00,49.405,49.41,49.4036,49.4036,626,0
2017-12-12,17:50:00,49.409,49.4135,49.4069,49.4069,3276,0
2017-12-12,17:55:00,49.4068,49.4068,49.4,49.4,2686,0
2017-12-12,18:00:00,49.4,49.41,49.4,49.41,3390,0
2017-12-12,18:05:00,49.4065,49.4065,49.4065,49.4065,169,0
2017-12-12,18:10:00,49.41,49.41,49.4,49.41,1440,0
2017-12-12,18:15:00,49.4133,49.43,49.41,49.42,1861,0
2017-12-12,18:20:00,49.425,49.4267,49.425,49.4267,1760,0
2017-12-12,18:25:00,49.425,49.43,49.425,49.4268,1835,0
2017-12-12,18:30:00,49.43,49.43,49.415,49.43,56280,0
2017-12-12,18:35:00,49.43,49.43,49.41,49.42,2100,0
2017-12-12,18:40:00,49.42,49.42,49.42,49.42,1400,0
2017-12-12,18:45:00,49.42,49.42,49.41,49.42,1000,0
2017-12-12,18:50:00,49.41,49.41,49.41,49.41,900,0
2017-12-12,18:55:00,49.41,49.41,49.41,49.41,300,0
2017-12-12,19:00:00,49.41,49.42,49.41,49.42,16423,0
2017-12-12,19:05:00,49.42,49.42,49.41,49.41,1228,0
2017-12-12,19:10:00,49.41,49.41,49.4,49.4,601,0
2017-12-12,19:20:00,49.44,49.44,49.44,49.44,100,0
2017-12-12,19:30:00,49.45,49.45,49.44,49.44,8300,0
2017-12-12,19:35:00,49.43,49.43,49.4264,49.43,799,0
2017-12-12,19:40:00,49.4312,49.44,49.42,49.44,8077,0
2017-12-12,19:45:00,49.44,49.45,49.43,49.43,657,0
2017-12-12,19:50:00,49.448,49.448,49.43,49.43,2672,0
2017-12-12,19:55:00,49.43,49.43,49.425,49.425,405,0
2017-12-12,20:00:00,49.4312,49.4337,49.421,49.4263,3192,0
2017-12-12,20:05:00,49.42,49.425,49.415,49.425,5268,0
2017-12-12,20:10:00,49.43,49.44,49.43,49.4364,11917,0
2017-12-12,20:15:00,49.4364,49.4364,49.4364,49.4364,1953,0
2017-12-12,20:20:00,49.4464,49.45,49.4464,49.45,465,0
2017-12-12,20:25:00,49.45,49.45,49.445,49.445,264,0
2017-12-12,20:30:00,49.448,49.45,49.448,49.45,970,0
2017-12-12,20:35:00,49.4627,49.4627,49.4627,49.4627,180,0
2017-12-12,20:40:00,49.46,49.46,49.46,49.46,1600,0
2017-12-12,20:45:00,49.4652,49.4652,49.4652,49.4652,860,0
2017-12-12,20:50:00,49.465,49.4781,49.46,49.47,6766,0
2017-12-12,20:55:00,49.48,49.49,49.48,49.48,4384,0
2017-12-12,21:00:00,49.48,49.4941,49.48,49.4941,15230,0
2017-12-12,21:05:00,49.49,49.5,49.49,49.49,1990,0
2017-12-12,21:10:00,49.485,49.49,49.485,49.485,40618,0
2017-12-12,21:15:00,49.49,49.49,49.49,49.49,300,0
2017-12-12,21:20:00,49.49,49.49,49.48,49.48,3322,0
2017-12-12,21:25:00,49.48,49.4825,49.48,49.4825,442,0
2017-12-12,21:30:00,49.48,49.495,49.48,49.495,3358,0
2017-12-12,21:35:00,49.495,49.5,49.495,49.5,1433,0
2017-12-12,21:40:00,49.491,49.491,49.475,49.49,37307,0
2017-12-12,21:45:00,49.48,49.48,49.47,49.47,1100,0
2017-12-12,21:50:00,49.47,49.48,49.4566,49.46,51268,0
2017-12-12,21:55:00,49.46,49.47,49.4567,49.46,20237,0
2017-12-12,22:00:00,49.45,49.464,49.45,49.46,47470,0
2017-12-13,15:35:00,49.6,49.6562,49.6,49.65,12455,0
2017-12-13,15:40:00,49.65,49.6576,49.64,49.6576,10200,0
2017-12-13,15:45:00,49.67,49.67,49.65,49.65,1300,0
2017-12-13,15:50:00,49.64,49.65,49.63,49.64,18079,0
2017-12-13,15:55:00,49.64,49.64,49.64,49.64,258,0
2017-12-13,16:00:00,49.64,49.6599,49.64,49.6599,713,0
2017-12-13,16:05:00,49.66,49.67,49.65,49.65,4375,0
2017-12-13,16:10:00,49.65,49.65,49.63,49.63,360,0
2017-12-13,16:20:00,49.63,49.63,49.63,49.63,300,0
2017-12-13,16:25:00,49.625,49.625,49.612,49.62,2198,0
2017-12-13,16:30:00,49.62,49.62,49.62,49.62,450,0
2017-12-13,16:35:00,49.63,49.6399,49.6264,49.63,1082,0
2017-12-13,16:40:00,49.64,49.6428,49.64,49.64,868,0
2017-12-13,16:45:00,49.6383,49.6566,49.635,49.65,13594,0
2017-12-13,16:50:00,49.6471,49.65,49.64,49.64,10975,0
2017-12-13,16:55:00,49.65,49.669,49.64,49.669,2841,0
2017-12-13,17:00:00,49.6656,49.6656,49.6656,49.6656,200,0
2017-12-13,17:05:00,49.67,49.67,49.66,49.66,1635,0
2017-12-13,17:10:00,49.67,49.6853,49.67,49.6853,3380,0
2017-12-13,17:15:00,49.6899,49.6899,49.68,49.68,550,0
2017-12-13,17:25:00,49.68,49.69,49.675,49.69,10004,0
2017-12-13,17:30:00,49.69,49.69,49.66,49.66,1321,0
2017-12-13,17:35:00,49.66,49.66,49.66,49.66,300,0
2017-12-13,17:40:00,49.66,49.66,49.66,49.66,100,0
2017-12-13,17:45:00,49.65,49.6595,49.65,49.6595,2517,0
2017-12-13,17:50:00,49.6573,49.6573,49.65,49.65,2839,0
2017-12-13,17:55:00,49.64,49.65,49.64,49.65,1199,0
2017-12-13,18:00:00,49.655,49.6568,49.65,49.65,2550,0
2017-12-13,18:05:00,49.64,49.6424,49.62,49.62,1810,0
2017-12-13,18:10:00,49.5901,49.6033,49.5901,49.6,2897,0
2017-12-13,18:15:00,49.6,49.6039,49.5966,49.5966,2556,0
2017-12-13,18:20:00,49.6083,49.6083,49.6,49.6,4415,0
2017-12-13,18:25:00,49.6,49.63,49.6,49.63,6131,0
2017-12-13,18:30:00,49.63,49.64,49.63,49.64,900,0
2017-12-13,18:35:00,49.635,49.64,49.63,49.64,897,0
2017-12-13,18:40:00,49.645,49.645,49.6176,49.6176,3946,0
2017-12-13,18:45:00,49.62,49.62,49.6,49.6,9285,0
2017-12-13,18:50:00,49.62,49.62,49.59,49.62,9817,0
2017-12-13,18:55:00,49.61,49.6141,49.6059,49.6141,89139,0
2017-12-13,19:00:00,49.61,49.615,49.61,49.615,1300,0
2017-12-13,19:05:00,49.62,49.62,49.62,49.62,1200,0
2017-12-13,19:10:00,49.629,49.63,49.6269,49.63,32605,0
2017-12-13,19:15:00,49.625,49.625,49.619,49.619,19524,0
2017-12-13,19:20:00,49.62,49.62,49.605,49.605,16772,0
2017-12-13,19:25:00,49.62,49.63,49.61,49.63,22925,0
2017-12-13,19:30:00,49.64,49.64,49.63,49.63,1100,0
2017-12-13,19:35:00,49.64,49.64,49.6223,49.625,27090,0
2017-12-13,19:45:00,49.6399,49.64,49.6399,49.64,332,0
2017-12-13,19:50:00,49.6428,49.6428,49.6428,49.6428,600,0
2017-12-13,19:55:00,49.65,49.669,49.65,49.6611,1470,0
2017-12-13,20:00:00,49.65,49.68,49.65,49.68,4821,0
2017-12-13,20:05:00,49.71,49.795,49.7,49.7205,52019,0
2017-12-13,20:10:00,49.7,49.7297,49.7,49.7297,1568,0
2017-12-13,20:15:00,49.73,49.73,49.7,49.71,5566,0
2017-12-13,20:20:00,49.71,49.74,49.71,49.74,2042,0
2017-12-13,20:25:00,49.72,49.72,49.71,49.71,694,0
2017-12-13,20:30:00,49.721,49.73,49.72,49.73,5429,0
2017-12-13,20:35:00,49.7252,49.76,49.7252,49.75,9028,0
2017-12-13,20:40:00,49.74,49.74,49.7344,49.7385,7314,0
2017-12-13,20:45:00,49.74,49.75,49.74,49.75,737,0
2017-12-13,20:50:00,49.74,49.769,49.74,49.7674,2492,0
2017-12-13,20:55:00,49.7751,49.8,49.7651,49.8,33231,0
2017-12-13,21:00:00,49.79,49.84,49.78,49.83,18498,0
2017-12-13,21:05:00,49.83,49.83,49.8,49.8,4984,0
2017-12-13,21:10:00,49.8,49.81,49.8,49.8,6321,0
2017-12-13,21:15:00,49.785,49.8,49.78,49.788,38400,0
2017-12-13,21:20:00,49.78,49.785,49.77,49.785,5983,0
2017-12-13,21:25:00,49.79,49.8096,49.77,49.77,14116,0
2017-12-13,21:30:00,49.7847,49.7847,49.75,49.755,26142,0
2017-12-13,21:35:00,49.76,49.77,49.76,49.765,23625,0
2017-12-13,21:40:00,49.765,49.7763,49.76,49.7763,3248,0
2017-12-13,21:45:00,49.77,49.77,49.755,49.76,17996,0
2017-12-13,21:50:00,49.76,49.77,49.75,49.7551,4546,0
2017-12-13,21:55:00,49.75,49.75,49.72,49.7207,10320,0
2017-12-13,22:00:00,49.73,49.73,49.7,49.7,28736,0
